n0 =          240
     0.02388324             291.7682             33.61773
     0.02465323             292.5500             33.65077
     0.02542320             270.3782             33.20308
     0.02619319             283.0100             33.32191
     0.02696316             293.7236             33.38418
     0.02773315             276.4591             32.90454
     0.02850312             254.8809             32.59916
     0.02927311             301.6427             33.43619
     0.03004308             285.2500             32.94635
     0.03081307             255.7027             32.28170
     0.03158304             234.2482             31.86317
     0.03235303             293.7627             32.97638
     0.03312300             258.8073             32.24716
     0.03389299             273.0745             32.57215
     0.03466296             276.2845             32.55105
     0.03543295             303.4700             33.02036
     0.03620292             290.7791             32.67926
     0.03697290             319.0309             33.18184
     0.03774288             312.5873             33.20504
     0.03851286             294.9673             32.55364
     0.03928284             278.1527             32.42081
     0.04005282             299.6891             32.89830
     0.04082280             274.3954             32.22250
     0.04159278             309.1064             33.01916
     0.04236276             285.7709             32.37925
     0.04313274             315.7709             33.20316
     0.04390272             269.5745             32.27691
     0.04467270             300.7691             32.75533
     0.04544269             324.4645             33.05383
     0.04621266             294.7164             32.60931
     0.04698265             252.5218             31.62146
     0.04775262             287.1973             32.44225
     0.04852261             271.7382             31.98344
     0.04929258             266.7073             31.89136
     0.05006257             264.5791             31.92156
     0.05083254             317.4027             33.20531
     0.05160253             314.3827             33.16418
     0.05237250             361.2173             33.95790
     0.05314249             271.2636             32.15620
     0.05391246             276.5327             32.28103
     0.05468245             265.3473             31.85611
     0.05545242             285.7845             32.42128
     0.05622241             325.2682             33.04993
     0.05699238             326.2882             33.01283
     0.05776237             295.2773             32.61213
     0.05853234             334.3809             33.25793
     0.05930233             365.9282             33.95359
     0.06007230             334.6855             33.33320
     0.06084229             300.4073             32.62733
     0.06161226             316.7737             32.93226
     0.06238224             339.4845             33.57630
     0.06315222             356.4227             33.77324
     0.06392220             347.8091             33.50471
     0.06469218             292.2836             32.43290
     0.06546216             362.6391             33.80453
     0.06623214             351.2064             33.65857
     0.06700212             324.1691             33.05149
     0.06777211             351.3127             33.56260
     0.06854208             351.5136             33.66803
     0.06931207             359.6791             33.69202
     0.07008204             363.4055             33.81674
     0.07085203             368.4827             33.83036
     0.07162200             371.8227             33.85789
     0.07239199             317.6682             32.83835
     0.07316196             332.1936             33.24734
     0.07393195             302.7764             32.48878
     0.07470192             356.0237             33.66808
     0.07547191             364.2000             33.77932
     0.07624188             382.8445             34.20713
     0.07701187             367.0255             33.94591
     0.07778184             383.4273             34.21622
     0.07855183             356.2263             33.69069
     0.07932180             329.5509             33.34613
     0.08009179             323.7318             33.03811
     0.08086176             364.0518             33.90611
     0.08163175             351.0409             33.62213
     0.08240172             359.0564             33.66236
     0.08317171             369.7164             33.95061
     0.08394168             384.1536             34.25851
     0.08471167             343.2573             33.55082
     0.08548164             415.4427             34.71532
     0.08625162             383.7827             34.21429
     0.08702160             359.4273             33.79023
     0.08779158             383.4073             34.21755
     0.08856156             325.9527             33.16938
     0.08933155             413.1582             34.74090
     0.09010153             390.9682             34.31597
     0.09087150             331.1227             33.14924
     0.09164147             340.7873             33.48509
     0.09241147             372.3036             33.85767
     0.09318145             315.1073             32.83617
     0.09395142             351.5555             33.64711
     0.09472139             328.2263             33.14520
     0.09549139             351.4227             33.57359
     0.09626137             315.4845             33.09752
     0.09703134             360.6655             33.78168
     0.09780131             376.2327             34.07220
     0.09857132             403.6655             34.75851
     0.09934129             350.0982             33.65478
      0.1001113             386.3036             34.36998
      0.1008812             352.7255             33.56222
      0.1016512             372.7364             34.00766
      0.1024212             354.3654             33.66987
      0.1031912             406.3545             34.54919
      0.1039612             337.6945             33.11258
      0.1047312             308.9000             32.72465
      0.1055011             359.0191             33.80954
      0.1062711             364.8755             33.85443
      0.1070411             379.7627             34.17158
      0.1078111             361.3300             33.82226
      0.1085811             313.4800             32.85973
      0.1093510             341.8927             33.53764
      0.1101210             376.6964             34.26193
      0.1108910             353.0673             33.80738
      0.1116610             330.5882             33.22299
      0.1124309             381.5109             34.11529
      0.1132009             358.6809             33.84567
      0.1139709             316.0100             32.91619
      0.1147409             323.1227             32.99901
      0.1155109             288.2863             32.38578
      0.1162808             360.6682             33.75581
      0.1170508             344.7009             33.42182
      0.1178208             318.5618             32.88570
      0.1185908             343.6236             33.47813
      0.1193608             263.5882             31.77825
      0.1201307             320.2836             33.08543
      0.1209007             329.9636             33.47057
      0.1216707             306.8709             32.83464
      0.1224407             316.4491             32.94775
      0.1232107             302.9854             32.79311
      0.1239807             299.4091             32.65936
      0.1247506             293.0891             32.46179
      0.1255206             290.8973             32.39346
      0.1262906             291.6500             32.54833
      0.1270606             289.9500             32.53496
      0.1278306             296.1709             32.64249
      0.1286005             313.7118             32.88300
      0.1293705             326.0627             33.21064
      0.1301405             305.9345             32.90465
      0.1309105             311.9964             33.09858
      0.1316804             298.0627             32.54153
      0.1324504             301.1400             32.59143
      0.1332204             299.4182             32.64276
      0.1339904             316.1291             33.02991
      0.1347604             312.2991             32.93786
      0.1355303             309.8091             32.73980
      0.1363003             301.2064             32.71254
      0.1370703             282.5527             32.25090
      0.1378403             319.8709             32.96567
      0.1386103             287.9218             32.44511
      0.1393802             319.8600             33.11481
      0.1401502             337.1800             33.34306
      0.1409202             250.4736             31.72176
      0.1416902             235.0255             30.99924
      0.1424602             264.3455             31.85632
      0.1432302             264.7473             31.98145
      0.1440001             251.7627             31.65239
      0.1447701             285.7582             32.37622
      0.1455401             299.8354             32.62733
      0.1463101             253.7445             31.80514
      0.1470800             277.6164             32.31484
      0.1478500             221.9254             31.23985
      0.1486200             243.4618             31.70480
      0.1493900             280.3073             32.44781
      0.1501600             248.4109             31.80627
      0.1509299             313.7773             33.11789
      0.1516999             231.9473             31.40473
      0.1524699             283.6318             32.46432
      0.1532399             267.9873             32.11223
      0.1540099             264.1418             32.09373
      0.1547798             228.3473             31.34165
      0.1555498             236.8418             31.41030
      0.1563198             271.5791             32.02525
      0.1570898             245.8882             31.66107
      0.1578598             241.6873             31.58932
      0.1586298             244.9236             31.49066
      0.1593997             245.5618             31.54321
      0.1601697             251.6855             31.70801
      0.1609397             261.9591             31.89834
      0.1617097             240.2173             31.49812
      0.1624797             222.6145             31.02480
      0.1632496             228.6100             31.13775
      0.1640196             232.4355             31.33204
      0.1647896             227.4664             31.22691
      0.1655596             221.5854             31.29089
      0.1663295             164.8791             30.04624
      0.1670995             250.7927             31.84339
      0.1678695             224.3555             31.41566
      0.1686395             206.6027             30.92543
      0.1694095             224.7991             31.40460
      0.1701794             187.5564             30.48078
      0.1709494             203.0245             30.96211
      0.1717194             194.8082             30.67611
      0.1724894             147.2100             29.49112
      0.1732594             182.6736             30.40234
      0.1740293             196.4045             30.64110
      0.1747993             174.0600             30.08724
      0.1755693             205.7863             30.88162
      0.1763393             171.3336             30.17885
      0.1771093             147.9582             29.56930
      0.1778793             200.8609             30.67928
      0.1786492             192.1500             30.77636
      0.1794192             199.6664             30.89492
      0.1801892             201.1454             31.06859
      0.1809592             185.5582             30.61691
      0.1817292             169.3373             30.38217
      0.1824991             217.6064             31.39083
      0.1832691             185.3900             30.70853
      0.1840391             177.2509             30.41076
      0.1848091             172.5136             30.44918
      0.1855790             142.5645             29.71996
      0.1863490             164.7964             30.19590
      0.1871190             180.6109             30.62871
      0.1878890             166.7700             30.21427
      0.1886590             172.6727             30.47217
      0.1894289             158.5136             29.95886
      0.1901989             165.4936             30.33200
      0.1909689             163.3855             30.26898
      0.1917389             153.8382             29.86069
      0.1925089             144.5445             29.81234
      0.1932788             147.3018             30.01031
      0.1940488             138.2045             29.77553
      0.1948188             118.7300             29.18877
      0.1955888             104.4100             28.72735
      0.1963588             93.20453             28.61931
      0.1971288             130.9109             29.48277
      0.1978987             157.5291             30.07199
      0.1986687             106.8691             28.90084
      0.1994387             123.7300             29.25904
      0.2002087             98.03000             28.76577
      0.2009787             115.3654             29.22952
      0.2017486             48.90634             27.65480
      0.2025186             64.35001             28.03232
      0.2032886             101.4582             28.85472
      0.2040586             100.1955             28.91175
      0.2048285             88.02090             28.65215
      0.2055985             114.0100             29.07016
      0.2063685             98.90182             28.85446
      0.2071385             127.9527             29.42179
      0.2079085             94.10272             28.65867
      0.2086784             83.41180             28.57314
      0.2094484             122.7209             29.27070
      0.2102184             27.68542             27.15881
      0.2109884             76.57727             28.22196
      0.2117584             59.86636             27.99184
      0.2125283             71.83545             28.22662
      0.2132983             40.98999             27.45862
      0.2140683             53.73819             27.80246
      0.2148383             66.72726             28.12127
      0.2156083             35.24820             27.33537
      0.2163783             10.37634             26.58595
      0.2171482             69.70093             28.23914
      0.2179182             53.04089             27.76885
      0.2186882             19.28818             26.80536
      0.2194582             87.61270             28.52175
      0.2202282             55.64816             27.68103
      0.2209981             20.84454             26.85219
      0.2217681             50.11182             27.56861
      0.2225381             67.06088             28.01962
      0.2233081             38.71637             27.35812
      0.2240780             41.50000             27.33583
      0.2248480             20.29907             26.94577
      0.2256180             49.09363             27.61554
      0.2263880             57.74908             28.09348
      0.2271580             46.97635             27.78574
      0.2279279             56.05365             27.89045
      0.2286979             25.29181             27.12359
      0.2294679             6.539063             26.78812
      0.2302379             40.45093             27.65531
      0.2310079             61.00726             28.08863
      0.2317779             27.76001             27.16999
      0.2325478             7.492706             26.80150
      0.2333178             11.90543             26.83759
      0.2340878             38.57455             27.30186
      0.2348578             79.65634             28.56389
      0.2356278             40.38727             27.58872
      0.2363977             15.05820             26.97511
      0.2371677             46.45999             27.65191
      0.2379377             30.97635             27.18251
      0.2387077             19.65820             27.03991
      0.2394776             40.05545             27.42957
      0.2402476             25.75092             27.33020
      0.2410176             47.20364             27.75319
      0.2417876             32.68271             27.50583
      0.2425576             61.46637             28.15775
      0.2433275             64.88998             28.34473
      0.2440975             40.14365             27.65667
      0.2448675             37.19455             27.46786
      0.2456375             38.26093             27.46786
      0.2464075             25.96729             27.13225
      0.2471774            -21.95544             26.11077
      0.2479474             35.23001             27.49117
      0.2487174             5.801788             26.65750
      0.2494874             26.59634             27.14273
      0.2502574             28.97821             27.51507
      0.2510273             18.48364             27.14058
      0.2517973             31.27179             27.50007
      0.2525673             32.72635             27.41077
      0.2533373             27.43729             27.38484
      0.2541073             4.633636             26.74387
      0.2548773             31.46820             27.37127
      0.2556472             28.53000             27.39186
      0.2564172             40.12820             27.85168
      0.2571872             7.618195             26.70229
      0.2579572             11.61819             26.90477
      0.2587271             36.26273             27.64423
      0.2594971             1.686371             26.76775
      0.2602671             23.69092             27.42011
      0.2610371             33.75272             27.52319
      0.2618071             30.50092             27.53754
      0.2625771             61.39273             28.28057
      0.2633470             20.29544             27.38166
      0.2641170            -15.14819             26.22175
      0.2648870             13.63544             27.25787
      0.2656569            -9.410919             26.48381
      0.2664269            -12.77728             26.33561
      0.2671970            -12.23001             26.60487
      0.2679669             18.26001             27.19498
      0.2687369             26.39456             27.62416
      0.2695069            -5.327271             26.62302
      0.2702768             22.43637             27.35968
      0.2710468             38.18457             28.00913
      0.2718168            -9.042725             26.76318
      0.2725868             47.35001             28.07702
      0.2733568             17.69000             27.45667
      0.2741268             27.63907             27.74703
      0.2748967             28.58365             27.78416
      0.2756667           0.02728271             27.04203
      0.2764367             75.94363             28.94295
      0.2772067             17.20178             27.48216
      0.2779766             17.24820             27.47666
      0.2787466            -24.29727             26.53000
      0.2795166            -3.606354             27.12926
      0.2802866             10.41998             27.21316
      0.2810566            -47.92001             25.81226
      0.2818266            -24.87366             26.48055
      0.2825965            -42.50729             26.21391
      0.2833665             19.78635             27.66940
      0.2841365           -0.6263733             27.18308
      0.2849064             20.10181             27.75819
      0.2856764             35.08636             28.05498
      0.2864465             30.94272             28.05532
      0.2872164             15.40634             27.64601
      0.2879864             3.251801             27.34628
      0.2887564             7.333649             27.45792
      0.2895263             27.26093             27.81967
      0.2902963           -0.3527222             27.27586
      0.2910663            -10.82727             26.99676
      0.2918363             18.00272             27.63692
      0.2926063             50.09543             28.33973
      0.2933763             45.28091             28.22106
      0.2941462             23.02457             27.70938
      0.2949162            -10.37729             26.91986
      0.2956862             26.10181             27.91821
      0.2964562            -2.728210             27.15403
      0.2972261             12.11270             27.58968
      0.2979961             40.28906             28.50494
      0.2987661             4.099091             27.58066
      0.2995361            -3.333649             27.30682
      0.3003061             15.35272             27.74338
      0.3010761            -14.92545             27.03532
      0.3018460             16.89365             27.91324
      0.3026160            -22.13272             26.79041
      0.3033860             9.949066             27.56607
      0.3041559             9.929077             27.76783
      0.3049260             18.07455             27.87708
      0.3056960            -5.404572             27.18478
      0.3064659             11.84271             27.76910
      0.3072359             34.82272             28.30800
      0.3080059            0.4163513             27.63127
      0.3087758             35.34363             28.50672
      0.3095458             7.008209             27.68557
      0.3103158           -0.8063660             27.47731
      0.3110858             35.98178             28.44120
      0.3118558            -16.97635             27.13478
      0.3126258             24.44543             28.06342
      0.3133957             36.87820             28.24605
      0.3141657           -0.8282166             27.24023
      0.3149357             15.69272             27.75250
      0.3157057             50.05908             28.76092
      0.3164756             34.90457             28.26888
      0.3172456             17.42999             27.95989
      0.3180156            -22.80637             26.87242
      0.3187856             13.38544             27.94008
      0.3195556             11.05637             27.99131
      0.3203256            -17.22180             27.23126
      0.3210955             7.974548             27.72565
      0.3218655             1.299072             27.63999
      0.3226355             11.05179             27.91145
      0.3234054             40.36093             28.65046
      0.3241755             34.45819             28.50100
      0.3249454             45.85999             28.70446
      0.3257154             35.80457             28.51715
      0.3264854             14.58820             27.98322
      0.3272554             9.804565             27.87907
      0.3280253             11.83545             27.91509
      0.3287953             16.80457             28.07992
      0.3295653           -0.6082153             27.73487
      0.3303353            -16.41180             27.22643
      0.3311053            0.8109131             27.68377
      0.3318753             34.74457             28.59820
      0.3326452             21.35818             28.30749
      0.3334152             40.68271             28.63587
      0.3341852             32.40909             28.58554
      0.3349552             3.729065             27.98597
      0.3357251             3.739990             27.95141
      0.3364951             42.26093             28.82172
      0.3372651             21.20999             28.29073
      0.3380351             37.46362             28.79486
      0.3388051            -25.39728             27.25257
      0.3395751             26.05090             28.54722
      0.3403450             30.08179             28.62907
      0.3411150            -7.320007             27.79916
      0.3418850             4.401794             28.04876
      0.3426549            0.4436340             27.92350
      0.3434249             29.56729             28.70480
      0.3441949             6.496368             28.17415
      0.3449649             40.62454             28.94027
      0.3457349             61.05728             29.35835
      0.3465049             19.02637             28.48960
      0.3472748             20.94907             28.45580
      0.3480448             13.54272             28.55957
      0.3488148             32.14545             28.61998
      0.3495848             19.32635             28.50186
      0.3503547           -0.2254333             28.00192
      0.3511248             25.82092             28.60288
      0.3518947           -0.8790894             28.19503
      0.3526647             37.17178             28.86546
      0.3534347             33.60635             28.96170
      0.3542047             16.42093             28.34489
      0.3549746             9.921783             28.41020
      0.3557446            -7.747284             28.12552
      0.3565146             43.38544             29.26731
      0.3572845             30.59729             29.01103
      0.3580546             7.546356             28.37487
      0.3588246            -14.95728             28.01965
      0.3595945            -8.632721             28.14729
      0.3603645             12.30545             28.45013
      0.3611345             9.903625             28.49312
      0.3619044             15.83090             28.76444
      0.3626744            -7.102722             28.13339
      0.3634444             47.78271             29.29287
      0.3642144             37.54001             29.19012
      0.3649844             14.60181             28.61042
      0.3657544            -11.70728             27.84046
      0.3665243             18.78726             28.47421
      0.3672943             14.40543             28.40653
      0.3680643             49.09180             29.37992
      0.3688343             41.51364             29.02445
      0.3696042             10.82272             28.40477
      0.3703743             31.54456             28.97642
      0.3711442             46.99908             29.33432
      0.3719142             19.35001             28.76810
      0.3726842            -18.16000             27.69161
      0.3734542             23.59909             28.89332
      0.3742241             26.89273             28.91342
      0.3749941           -0.7300110             28.30501
      0.3757641            -13.19363             27.95609
      0.3765341            0.1727295             28.39499
      0.3773041            -13.79001             28.14978
      0.3780740             19.29819             28.83687
      0.3788440             23.62909             29.25395
      0.3796140             28.90729             29.19629
      0.3803840            -3.236359             28.54338
      0.3811539             3.299988             28.71634
      0.3819239             2.315430             28.67794
      0.3826939             33.55820             29.48416
      0.3834639            -5.808197             28.32325
      0.3842339            -3.327271             28.56068
      0.3850039             19.22455             29.13194
      0.3857738            -17.69821             28.22367
      0.3865438             23.94635             29.18758
      0.3873138             26.14270             29.37528
      0.3880838            -6.325439             28.79485
      0.3888537            -9.047272             28.59315
      0.3896238            -26.10907             28.10841
      0.3903937             16.21091             29.20433
      0.3911637             3.680908             29.01998
      0.3919337             60.71179             30.25198
      0.3927037             8.999084             28.89694
      0.3934736             15.72543             29.09069
      0.3942436            -24.74908             28.14795
      0.3950136             33.11179             29.59635
      0.3957836            -1.393646             28.69344
      0.3965536             66.11636             30.20392
      0.3973235             12.34821             28.97842
      0.3980935            -7.459991             28.50077
      0.3988635             17.08090             29.19569
      0.3996335             32.26178             29.58951
      0.4004034             26.51999             29.35553
      0.4011734             25.68542             29.30334
      0.4019434             34.32999             29.79099
      0.4027134            -1.767273             28.76070
      0.4034834             16.83090             29.40074
      0.4042534             15.57727             29.26248
      0.4050233             16.12454             29.24380
      0.4057933             19.09363             29.30709
      0.4065633             4.195435             28.94275
      0.4073333             22.84000             29.43190
      0.4081032             26.31454             29.29914
      0.4088733             13.19092             29.22964
      0.4096432             1.753632             28.77693
      0.4104132             23.28543             29.36889
      0.4111832            -13.07001             28.57850
      0.4119532             11.82181             29.38601
      0.4127231             6.879089             29.17966
      0.4134931             15.11090             29.45003
      0.4142631             15.95178             29.49281
      0.4150331            -2.057281             29.03073
      0.4158031            -3.220917             29.05846
      0.4165730             33.71091             29.75864
      0.4173430            -5.000000             28.96154
      0.4181130             21.49457             29.53156
      0.4188830            -1.763641             29.08672
      0.4196529             7.529999             29.40216
      0.4204229            -21.96457             28.43871
      0.4211929             39.28906             30.13327
      0.4219629             11.66000             29.41983
      0.4227329             12.45456             29.43531
      0.4235029             32.16998             29.83324
      0.4242728            -24.57822             28.52076
      0.4250428             11.58270             29.45539
      0.4258128             32.06180             29.80414
      0.4265828            -8.918213             28.91733
      0.4273528             16.27820             29.35425
      0.4281228            -39.35544             28.15198
      0.4288927             20.08820             29.71002
      0.4296627             11.75726             29.39760
      0.4304327             27.03091             29.66283
      0.4312027             11.26273             29.45172
      0.4319726             23.38818             29.76222
      0.4327426             49.69272             30.46964
      0.4335126            -28.10635             28.36635
      0.4342826             4.222717             29.26734
      0.4350526            -11.87457             28.91645
      0.4358225             9.052704             29.55061
      0.4365925             4.500916             29.34175
      0.4373625             22.54727             29.75904
      0.4381325             17.26456             29.46482
      0.4389024             28.29544             29.87792
      0.4396724            -3.570007             29.08487
      0.4404424             23.29544             29.71293
      0.4412124             18.09906             29.69642
      0.4419824             6.898193             29.34116
      0.4427524            -2.018219             29.16738
      0.4435223            -6.528198             29.18179
      0.4442923            -30.67819             28.52610
      0.4450623           0.04818726             29.18136
      0.4458323             11.54272             29.54364
      0.4466023            -17.31821             28.82967
      0.4473723             17.61090             29.72190
      0.4481422             7.224548             29.27953
      0.4489122          0.008209229             29.13210
      0.4496822             33.06543             30.08813
      0.4504521            0.9154358             29.25374
      0.4512221             16.28635             29.84685
      0.4519921             17.54907             29.79903
      0.4527621             14.43179             29.71843
      0.4535321             23.13818             29.92708
      0.4543021             40.92636             30.22386
      0.4550720             21.64365             29.84798
      0.4558420            -4.161804             29.19061
      0.4566120            -4.435455             29.22364
      0.4573820             45.80728             30.24572
      0.4581519             42.43634             30.20937
      0.4589219             19.57092             29.87002
      0.4596919             36.22635             30.14620
      0.4604619             54.91727             30.66856
      0.4612319             37.02090             30.38419
      0.4620019            -39.30820             28.53635
      0.4627718             15.13544             29.82975
      0.4635418             60.16635             30.95771
      0.4643118             20.39365             29.96214
      0.4650818             36.02271             30.45349
      0.4658518             51.54819             30.66520
      0.4666218             34.82635             30.22461
      0.4673917             22.42456             30.05419
      0.4681617             40.16180             30.41480
      0.4689317             7.382721             29.66574
      0.4697016            -3.257294             29.38542
      0.4704716             28.43362             30.12387
      0.4712416            -1.220001             29.49326
      0.4720116            -3.281799             29.52354
      0.4727816             22.68729             29.87484
      0.4735516             35.53271             30.28316
      0.4743215             10.64545             29.72682
      0.4750915             25.56821             30.17252
      0.4758615             15.10455             29.87336
      0.4766315             12.04727             29.72022
      0.4774014             12.72906             29.84813
      0.4781715            -17.95093             28.99730
      0.4789414             5.729065             29.66239
      0.4797114             21.92545             30.13426
      0.4804814             43.28091             30.54486
      0.4812514             31.96729             30.40580
      0.4820213             23.75092             30.14902
      0.4827913             47.59180             30.62465
      0.4835613             44.40179             30.83294
      0.4843313             19.23636             30.04565
      0.4851013             2.324554             29.79116
      0.4858713             50.15909             30.81684
