n0 =          240
     0.02388324             308.7682             33.94502
     0.02465323             354.5500             34.82696
     0.02542320             274.3782             33.28207
     0.02619319             267.0100             33.00567
     0.02696316             258.7236             32.69047
     0.02773315             311.4591             33.59022
     0.02850312             266.8809             32.84071
     0.02927311             289.6427             33.20085
     0.03004308             283.2500             32.90672
     0.03081307             303.7027             33.23730
     0.03158304             265.2482             32.49627
     0.03235303             279.7627             32.69859
     0.03312300             306.8073             33.20504
     0.03389299             254.0745             32.18670
     0.03466296             310.2845             33.22573
     0.03543295             284.4700             32.64350
     0.03620292             292.7791             32.71901
     0.03697290             267.0309             32.14822
     0.03774288             296.5873             32.88979
     0.03851286             279.9673             32.25351
     0.03928284             313.1527             33.11671
     0.04005282             287.6891             32.65944
     0.04082280             276.3954             32.26289
     0.04159278             291.1064             32.66256
     0.04236276             283.7709             32.33912
     0.04313274             311.7709             33.12471
     0.04390272             302.5745             32.93882
     0.04467270             322.7691             33.18847
     0.04544269             275.4645             32.07948
     0.04621266             297.7164             32.66919
     0.04698265             269.5218             31.97009
     0.04775262             299.1973             32.68187
     0.04852261             305.7382             32.66514
     0.04929258             277.7073             32.11488
     0.05006257             306.5791             32.76506
     0.05083254             336.4027             33.57524
     0.05160253             336.3827             33.59269
     0.05237250             322.2173             33.20699
     0.05314249             306.2636             32.85824
     0.05391246             329.5327             33.33081
     0.05468245             310.3473             32.75807
     0.05545242             292.7845             32.56156
     0.05622241             345.2682             33.43715
     0.05699238             366.2882             33.78158
     0.05776237             315.2773             33.00898
     0.05853234             336.3809             33.29668
     0.05930233             373.9282             34.10456
     0.06007230             345.6855             33.54544
     0.06084229             343.4073             33.46849
     0.06161226             365.7737             33.87647
     0.06238224             332.4845             33.44083
     0.06315222             335.4227             33.36982
     0.06392220             336.8091             33.29278
     0.06469218             341.2836             33.39515
     0.06546216             332.6391             33.22886
     0.06623214             317.2064             32.99978
     0.06700212             370.1691             33.93558
     0.06777211             325.3127             33.05922
     0.06854208             350.5136             33.64885
     0.06931207             355.6791             33.61571
     0.07008204             362.4055             33.79772
     0.07085203             352.4827             33.52558
     0.07162200             323.8227             32.93466
     0.07239199             344.6682             33.36406
     0.07316196             347.1936             33.53764
     0.07393195             350.7764             33.42669
     0.07470192             323.0237             33.02940
     0.07547191             351.2000             33.53141
     0.07624188             350.8445             33.60105
     0.07701187             378.0255             34.15327
     0.07778184             347.4273             33.53387
     0.07855183             384.2263             34.21949
     0.07932180             322.5509             33.20953
     0.08009179             361.7318             33.77004
     0.08086176             376.0518             34.13257
     0.08163175             402.0409             34.58097
     0.08240172             366.0564             33.79527
     0.08317171             309.7164             32.79218
     0.08394168             377.1536             34.12720
     0.08471167             395.2573             34.53370
     0.08548164             372.4427             33.91647
     0.08625162             345.7827             33.49351
     0.08702160             376.4273             34.11185
     0.08779158             321.4073             33.03193
     0.08856156             325.9527             33.16938
     0.08933155             312.1582             32.81920
     0.09010153             372.9682             33.97868
     0.09087150             354.1227             33.59271
     0.09164147             400.7873             34.61924
     0.09241147             403.3036             34.43596
     0.09318145             318.1073             32.89516
     0.09395142             353.5555             33.68541
     0.09472139             376.2263             34.06367
     0.09549139             368.4227             33.89684
     0.09626137             346.4845             33.69976
     0.09703134             383.6655             34.21496
     0.09780131             386.2327             34.25932
     0.09857132             388.6655             34.48064
     0.09934129             355.0982             33.75034
      0.1001113             399.3036             34.61163
      0.1008812             378.7255             34.05536
      0.1016512             377.7364             34.10178
      0.1024212             349.3654             33.57418
      0.1031912             307.3545             32.65873
      0.1039612             304.6945             32.46560
      0.1047312             381.9000             34.13162
      0.1055011             298.0191             32.61976
      0.1062711             317.8755             32.94743
      0.1070411             337.7627             33.37203
      0.1078111             317.3300             32.97285
      0.1085811             271.4800             32.01962
      0.1093510             335.8927             33.42191
      0.1101210             345.6964             33.67331
      0.1108910             326.0673             33.28638
      0.1116610             385.5882             34.26973
      0.1124309             340.5109             33.33675
      0.1132009             314.6809             32.99498
      0.1139709             323.0100             33.05342
      0.1147409             336.1227             33.25212
      0.1155109             297.2863             32.56643
      0.1162808             363.6682             33.81289
      0.1170508             322.7009             32.99524
      0.1178208             311.5618             32.74805
      0.1185908             321.6236             33.05123
      0.1193608             347.5882             33.44195
      0.1201307             301.2836             32.71063
      0.1209007             320.9636             33.29493
      0.1216707             355.8709             33.78666
      0.1224407             350.4491             33.60654
      0.1232107             300.9854             32.75343
      0.1239807             298.4091             32.63949
      0.1247506             295.0891             32.50169
      0.1255206             332.8973             33.22108
      0.1262906             286.6500             32.44805
      0.1270606             267.9500             32.09065
      0.1278306             302.1709             32.76182
      0.1286005             318.7118             32.98117
      0.1293705             339.0627             33.46261
      0.1301405             289.9345             32.58642
      0.1309105             344.9964             33.73967
      0.1316804             371.0627             33.95482
      0.1324504             314.1400             32.84827
      0.1332204             334.4182             33.32949
      0.1339904             288.1291             32.47387
      0.1347604             329.2991             33.27062
      0.1355303             323.8091             33.01479
      0.1363003             305.2064             32.79191
      0.1370703             301.5527             32.63075
      0.1378403             302.8709             32.63033
      0.1386103             354.9218             33.75801
      0.1393802             326.8600             33.25173
      0.1401502             278.1800             32.17529
      0.1409202             317.4736             33.07367
      0.1416902             296.0255             32.24845
      0.1424602             277.3455             32.12113
      0.1432302             302.7473             32.74770
      0.1440001             240.7627             31.42352
      0.1447701             281.7582             32.29564
      0.1455401             285.8354             32.34733
      0.1463101             272.7445             32.19347
      0.1470800             313.6164             33.03091
      0.1478500             242.9254             31.68024
      0.1486200             239.4618             31.62161
      0.1493900             216.3073             31.12428
      0.1501600             217.4109             31.15727
      0.1509299             259.7773             32.03764
      0.1516999             221.9473             31.19438
      0.1524699             232.6318             31.41824
      0.1532399             248.9873             31.72259
      0.1540099             230.1418             31.38958
      0.1547798             291.3473             32.63402
      0.1555498             209.8418             30.83850
      0.1563198             232.5791             31.21994
      0.1570898             198.8882             30.66467
      0.1578598             226.6873             31.27475
      0.1586298             229.9236             31.17665
      0.1593997             208.5618             30.76028
      0.1601697             242.6855             31.52091
      0.1609397             198.9591             30.56966
      0.1617097             241.2173             31.51900
      0.1624797             196.6145             30.46688
      0.1632496             203.6100             30.60495
      0.1640196             246.4355             31.62397
      0.1647896             192.4664             30.47754
      0.1655596             216.5854             31.18482
      0.1663295             204.8791             30.92262
      0.1670995             187.7927             30.50876
      0.1678695             198.3555             30.86181
      0.1686395             205.6027             30.90403
      0.1694095             169.7991             30.21805
      0.1701794             207.5564             30.91233
      0.1709494             215.0245             31.21866
      0.1717194             190.8082             30.58932
      0.1724894             182.2100             30.27191
      0.1732594             212.6736             31.05091
      0.1740293             164.4045             29.93666
      0.1747993             173.0600             30.06511
      0.1755693             188.7863             30.51361
      0.1763393             187.3336             30.53070
      0.1771093             173.9582             30.15072
      0.1778793             162.8609             29.84753
      0.1786492             154.1500             29.93816
      0.1794192             158.6664             29.99706
      0.1801892             183.1454             30.67911
      0.1809592             176.5582             30.42023
      0.1817292             133.3373             29.57299
      0.1824991             171.6064             30.40084
      0.1832691             106.3900             28.92539
      0.1840391             122.2509             29.17487
      0.1848091             119.5136             29.25342
      0.1855790             142.5645             29.71996
      0.1863490             176.7964             30.46030
      0.1871190             106.6109             28.95259
      0.1878890             124.7700             29.26440
      0.1886590             112.6727             29.11209
      0.1894289             126.5136             29.23448
      0.1901989             115.4936             29.19877
      0.1909689             152.3855             30.02411
      0.1917389             174.8382             30.32589
      0.1925089             125.5445             29.37893
      0.1932788             73.30182             28.27428
      0.1940488             95.20453             28.77553
      0.1948188             129.7300             29.44261
      0.1955888             74.41000             28.00722
      0.1963588             82.20453             28.35514
      0.1971288             95.91089             28.66624
      0.1978987             96.52908             28.66813
      0.1986687             120.8691             29.22758
      0.1994387             107.7300             28.88643
      0.2002087             48.03000             27.54536
      0.2009787             84.36545             28.49669
      0.2017486             83.90634             28.51560
      0.2025186             61.35001             27.95828
      0.2032886             99.45819             28.80747
      0.2040586             41.19547             27.46882
      0.2048285             63.02090             28.04538
      0.2055985             61.01001             27.79972
      0.2063685             61.90182             27.96054
      0.2071385             59.95273             27.80154
      0.2079085             68.10272             28.03095
      0.2086784             60.41180             28.01161
      0.2094484             27.72089             26.95613
      0.2102184             74.68542             28.33505
      0.2109884             44.57727             27.43066
      0.2117584             19.86636             26.97746
      0.2125283             81.83545             28.46887
      0.2132983             29.98999             27.17813
      0.2140683             37.73819             27.40042
      0.2148383             38.72726             27.42290
      0.2156083             49.24820             27.68894
      0.2163783             36.37634             27.26007
      0.2171482             24.70093             27.10730
      0.2179182             36.04089             27.33979
      0.2186882             30.28818             27.09033
      0.2194582             6.612701             26.47998
      0.2202282             31.64816             27.07331
      0.2209981             33.84454             27.18809
      0.2217681             57.11182             27.74372
      0.2225381             38.06088             27.29405
      0.2233081             22.71637             26.94716
      0.2240780             41.50000             27.33583
      0.2248480             30.29907             27.20432
      0.2256180             5.093628             26.48199
      0.2263880             25.74908             27.28622
      0.2271580             20.97635             27.12396
      0.2279279             35.05365             27.36376
      0.2286979             9.291809             26.70822
      0.2294679             41.53906             27.68906
      0.2302379             37.45093             27.57950
      0.2310079             23.00726             27.13115
      0.2317779             9.760010             26.70270
      0.2325478            -2.507294             26.53650
      0.2333178             7.905426             26.73276
      0.2340878             37.57455             27.27656
      0.2348578             19.65634             27.06471
      0.2356278             20.38727             27.07568
      0.2363977            -4.941803             26.44506
      0.2371677             7.459991             26.64794
      0.2379377             15.97635             26.79546
      0.2387077             38.65820             27.52506
      0.2394776             41.05545             27.45471
      0.2402476             12.75092             26.99386
      0.2410176             22.20364             27.11811
      0.2417876             22.68271             27.24932
      0.2425576             10.46637             26.86332
      0.2433275             24.88998             27.34316
      0.2440975             22.14365             27.19914
      0.2448675             56.19455             27.94200
      0.2456375            -7.739075             26.26994
      0.2464075             34.96729             27.36174
      0.2471774             26.04456             27.38350
      0.2479474             62.23001             28.16417
      0.2487174             6.801788             26.68387
      0.2494874            -7.403656             26.25145
      0.2502574             35.97821             27.69287
      0.2510273             35.48364             27.57522
      0.2517973             23.27179             27.29541
      0.2525673             50.72635             27.86193
      0.2533373            -2.562714             26.60275
      0.2541073            -9.366364             26.37180
      0.2548773            -11.53180             26.24619
      0.2556472             35.53000             27.56966
      0.2564172             6.128204             26.97823
      0.2571872             17.61819             26.96259
      0.2579572             9.618195             26.85257
      0.2587271             33.26273             27.56842
      0.2594971             8.686371             26.95133
      0.2602671            -1.309082             26.76885
      0.2610371            -2.247284             26.59091
      0.2618071             13.50092             27.10176
      0.2625771             15.39273             27.12575
      0.2633470             28.29544             27.58579
      0.2641170             8.851807             26.85784
      0.2648870             50.63544             28.19312
      0.2656569             37.58908             27.70038
      0.2664269             32.22272             27.50825
      0.2671970            -5.230011             26.79156
      0.2679669             4.260010             26.83203
      0.2687369            -8.605438             26.71474
      0.2695069             11.67273             27.06826
      0.2702768             7.436371             26.97365
      0.2710468             35.18457             27.93418
      0.2718168            -2.042725             26.94830
      0.2725868            -11.64999             26.56754
      0.2733568            -9.309998             26.75330
      0.2741268             1.639069             27.08005
      0.2748967            -2.416351             26.98938
      0.2756667             20.02728             27.55642
      0.2764367             42.94363             28.14290
      0.2772067             10.20178             27.30273
      0.2779766           -0.7518005             27.01187
      0.2787466            -27.29727             26.44895
      0.2795166             5.393646             27.36337
      0.2802866             4.419983             27.05865
      0.2810566           0.07998657             27.10328
      0.2818266            0.1263428             27.14175
      0.2825965           -0.5072937             27.33852
      0.2833665             34.78635             28.04559
      0.2841365             19.37363             27.69679
      0.2849064             26.10181             27.90913
      0.2856764             4.086365             27.27146
      0.2864465             13.94272             27.62788
      0.2872164             46.40634             28.41779
      0.2879864            -38.74820             26.23123
      0.2887564             9.333649             27.50922
      0.2895263            -1.739075             27.07911
      0.2902963             66.64728             28.94502
      0.2910663            -11.82727             26.97035
      0.2918363             28.00272             27.88914
      0.2926063            -12.90457             26.74027
      0.2933763             6.280914             27.24023
      0.2941462             19.02457             27.60849
      0.2949162             16.62271             27.61665
      0.2956862             1.101807             27.28148
      0.2964562            -4.728210             27.10190
      0.2972261            -15.88730             26.86271
      0.2979961             7.289063             27.67822
      0.2987661             21.09909             28.01193
      0.2995361             20.66635             27.91847
      0.3003061             47.35272             28.53468
      0.3010761             3.074554             27.50198
      0.3018460             7.893646             27.68522
      0.3026160            -5.132721             27.23688
      0.3033860             60.94907             28.82527
      0.3041559             32.92908             28.34470
      0.3049260             10.07455             27.67505
      0.3056960            -13.40457             26.97654
      0.3064659            -23.15729             26.86213
      0.3072359             43.82272             28.52798
      0.3080059            -9.583649             27.37341
      0.3087758             45.34363             28.75070
      0.3095458             35.00821             28.38567
      0.3103158            -9.806366             27.24446
      0.3110858             4.981781             27.66460
      0.3118558             38.02365             28.52906
      0.3126258             22.44543             28.01348
      0.3133957             29.87820             28.07330
      0.3141657             11.17178             27.54723
      0.3149357             60.69272             28.85672
      0.3157057             15.05908             27.89699
      0.3164756             5.904572             27.54240
      0.3172456             2.429993             27.57887
      0.3180156             31.19363             28.25291
      0.3187856             24.38544             28.21525
      0.3195556             24.05637             28.31652
      0.3203256            -1.221802             27.64550
      0.3210955             15.97455             27.92692
      0.3218655             52.29907             28.90073
      0.3226355             3.051788             27.70890
      0.3234054             14.36093             28.00835
      0.3241755             29.45819             28.37805
      0.3249454             29.85999             28.31361
      0.3257154             7.804565             27.82138
      0.3264854             30.58820             28.38028
      0.3272554            -2.195435             27.57406
      0.3280253             38.83545             28.58312
      0.3287953             45.80457             28.79223
      0.3295653             15.39178             28.13999
      0.3303353             1.588196             27.69060
      0.3311053             25.81091             28.31002
      0.3318753            -15.25543             27.34128
      0.3326452             14.35818             28.13347
      0.3334152             46.68271             28.78055
      0.3341852             37.40909             28.70746
      0.3349552             1.729065             27.93526
      0.3357251             29.73999             28.59827
      0.3364951             26.26093             28.43227
      0.3372651             15.20999             28.14203
      0.3380351            -5.536377             27.72812
      0.3388051             34.60272             28.76312
      0.3395751            -14.94910             27.51606
      0.3403450             22.08179             28.43295
      0.3411150             48.67999             29.18110
      0.3418850            0.4017944             27.94787
      0.3426549             36.44363             28.81267
      0.3434249            0.5672913             27.98551
      0.3441949            -2.503632             27.94787
      0.3449649            -18.37546             27.47070
      0.3457349            -6.942719             27.69597
      0.3465049             2.026367             28.06591
      0.3472748             19.94907             28.43118
      0.3480448            0.5427246             28.23476
      0.3488148             12.14545             28.12907
      0.3495848             3.326355             28.10431
      0.3503547             38.77457             28.96230
      0.3511248            -15.17908             27.57562
      0.3518947             20.12091             28.71715
      0.3526647             23.17178             28.52550
      0.3534347             22.60635             28.69475
      0.3542047             25.42093             28.56513
      0.3549746            -36.07822             27.23749
      0.3557446           -0.7472839             28.30151
      0.3565146             6.385437             28.36707
      0.3572845             15.59729             28.64571
      0.3580546            -23.45364             27.59135
      0.3588246            -24.95728             27.76382
      0.3595945             15.36728             28.74364
      0.3603645           -0.6945496             28.12812
      0.3611345            -38.09637             27.27412
      0.3619044             31.83090             29.15252
      0.3626744            -4.102722             28.20891
      0.3634444             50.78271             29.36378
      0.3642144             2.540009             28.33347
      0.3649844             15.60181             28.63504
      0.3657544             11.29272             28.41733
      0.3665243             24.78726             28.62077
      0.3672943             50.40543             29.27577
      0.3680643             21.09180             28.70704
      0.3688343             44.51364             29.09600
      0.3696042            -2.177277             28.07996
      0.3703743            -16.45544             27.78185
      0.3711442             36.99908             29.09595
      0.3719142             23.35001             28.86570
      0.3726842             34.84000             29.00505
      0.3734542             14.59909             28.67387
      0.3742241            -1.107269             28.22526
      0.3749941             24.26999             28.91905
      0.3757641            -1.193634             28.25761
      0.3765341            -1.827271             28.34517
      0.3773041            -38.79001             27.50803
      0.3780740            -26.70181             27.69069
      0.3788440             10.62909             28.93884
      0.3796140             2.907288             28.56488
      0.3803840            0.7636414             28.64240
      0.3811539            -21.70001             28.09165
      0.3819239           -0.6845703             28.60390
      0.3826939            -21.44180             28.13594
      0.3834639            -22.80820             27.89582
      0.3842339             21.67273             29.16960
      0.3850039            -3.775452             28.57108
      0.3857738             29.30179             29.37286
      0.3865438             43.94635             29.66059
      0.3873138            -5.857300             28.59811
      0.3880838             32.67456             29.73711
      0.3888537             30.95273             29.56242
      0.3896238             32.89093             29.55134
      0.3903937             20.21091             29.30033
      0.3911637             4.680908             29.04434
      0.3919337            -9.288208             28.58778
      0.3927037            -6.000916             28.52943
      0.3934736             31.72543             29.47296
      0.3942436             42.25092             29.77903
      0.3950136             22.11179             29.33459
      0.3957836           -0.3936462             28.71806
      0.3965536             46.11636             29.74213
      0.3973235             16.34821             29.07521
      0.3980935             58.54001             30.07509
      0.3988635            -10.91910             28.51001
      0.3996335             10.26178             29.06266
      0.4004034             6.519989             28.87437
      0.4011734             9.685425             28.91931
      0.4019434             26.32999             29.60179
      0.4027134             22.23273             29.34080
      0.4034834             30.83090             29.73371
      0.4042534             23.57727             29.45405
      0.4050233             13.12454             29.17168
      0.4057933             50.09363             30.03585
      0.4065633             19.19543             29.30550
      0.4073333             4.839996             28.99786
      0.4081032             10.31454             28.91555
      0.4088733            -3.809082             28.81560
      0.4096432             5.753632             28.87429
      0.4104132            -20.71457             28.29631
      0.4111832            -23.07001             28.32912
      0.4119532             38.82181             30.02568
      0.4127231             25.87909             29.63387
      0.4134931             39.11090             30.01703
      0.4142631             19.95178             29.58815
      0.4150331             27.94272             29.74838
      0.4158031             6.779083             29.30015
      0.4165730            -1.289093             28.92467
      0.4173430             8.000000             29.27629
      0.4181130             20.49457             29.50788
      0.4188830            0.2363586             29.13535
      0.4196529             1.529999             29.25715
      0.4204229             9.035431             29.19743
      0.4211929            -24.71094             28.59440
      0.4219629             5.660004             29.27583
      0.4227329             13.45456             29.45916
      0.4235029             7.169983             29.24029
      0.4242728             27.42178             29.78254
      0.4250428             14.58270             29.52703
      0.4258128             48.06180             30.17515
      0.4265828             20.08179             29.61708
      0.4273528             7.278198             29.13886
      0.4281228             16.64456             29.52889
      0.4288927             24.08820             29.80451
      0.4296627             39.75726             30.05764
      0.4304327            -15.96909             28.62629
      0.4312027             26.26273             29.80787
      0.4319726            -12.61182             28.89701
      0.4327426            -1.307281             29.27041
      0.4335126             21.89365             29.57955
      0.4342826             1.222717             29.19496
      0.4350526            -17.87457             28.76883
      0.4358225             22.05270             29.85962
      0.4365925             49.50092             30.39864
      0.4373625             25.54727             29.82971
      0.4381325            -20.73544             28.54404
      0.4389024             39.29544             30.13395
      0.4396724             9.429993             29.39779
      0.4404424             36.29544             30.01683
      0.4412124             4.099060             29.36193
      0.4419824             20.89819             29.67451
      0.4427524             14.98178             29.57471
      0.4435223            -18.52820             28.88796
      0.4442923            0.3218079             29.28848
      0.4450623             29.04819             29.87075
      0.4458323             36.54272             30.13197
      0.4466023             31.68179             30.00550
      0.4473723             1.610901             29.34007
      0.4481422            0.2245483             29.11142
      0.4489122            -8.991791             28.91394
      0.4496822            -2.934570             29.23563
      0.4504521             38.91544             30.14960
      0.4512221            -16.71365             29.05054
      0.4519921            0.5490723             29.39310
      0.4527621            -22.56821             28.82346
      0.4535321             9.138184             29.59635
      0.4543021             39.92636             30.20083
      0.4550720            -2.356354             29.27714
      0.4558420             29.83820             29.99846
      0.4566120            -1.435455             29.29627
      0.4573820             4.807281             29.28495
      0.4581519             68.43634             30.79912
      0.4589219            -9.429077             29.17590
      0.4596919             26.22635             29.91408
      0.4604619             14.91727             29.74385
      0.4612319             3.020905             29.58620
      0.4620019             54.69180             30.77255
      0.4627718             8.135437             29.66430
      0.4635418             44.16635             30.59555
      0.4643118             47.39365             30.58458
      0.4650818             23.02271             30.15254
      0.4658518            0.5481873             29.47902
      0.4666218             38.82635             30.31657
      0.4673917            -16.57544             29.12381
      0.4681617             25.16180             30.06866
      0.4689317             17.38272             29.90197
      0.4697016             6.742706             29.62488
      0.4704716             4.433624             29.55876
      0.4712416            -9.220001             29.30058
      0.4720116             19.71820             30.06904
      0.4727816             3.687286             29.42673
      0.4735516             5.532715             29.58140
      0.4743215             26.64545             30.10230
      0.4750915             8.568207             29.77292
      0.4758615             4.104553             29.61278
      0.4766315            -8.952728             29.21761
      0.4774014             3.729065             29.63493
      0.4781715             14.04907             29.76369
      0.4789414             33.72906             30.31736
      0.4797114             19.92545             30.08759
      0.4804814             66.28091             31.06309
      0.4812514             10.96729             29.91647
      0.4820213             27.75092             30.24176
      0.4827913            -2.408203             29.46238
      0.4835613             29.40179             30.49007
      0.4843313            0.2363586             29.59803
      0.4851013            -5.675446             29.60047
      0.4858713             42.15909             30.63559
