n0 =          240
     0.02388324             347.7682             34.68081
     0.02465323             315.5500             34.09326
     0.02542320             316.3782             34.09713
     0.02619319             341.0100             34.43672
     0.02696316             302.7236             33.55954
     0.02773315             313.4591             33.62885
     0.02850312             302.8809             33.55174
     0.02927311             321.6427             33.82370
     0.03004308             304.2500             33.31969
     0.03081307             328.7027             33.72114
     0.03158304             294.2482             33.07423
     0.03235303             286.7627             32.83786
     0.03312300             293.8073             32.94920
     0.03389299             289.0745             32.89215
     0.03466296             333.2845             33.67221
     0.03543295             271.4700             32.38235
     0.03620292             281.7791             32.49962
     0.03697290             334.0309             33.47235
     0.03774288             281.5873             32.59062
     0.03851286             347.9673             33.58653
     0.03928284             283.1527             32.52141
     0.04005282             280.6891             32.51904
     0.04082280             249.3954             31.71194
     0.04159278             339.1064             33.60263
     0.04236276             293.7709             32.53912
     0.04313274             275.7709             32.40750
     0.04390272             293.5745             32.76004
     0.04467270             291.7691             32.57597
     0.04544269             297.4645             32.52162
     0.04621266             314.7164             33.00584
     0.04698265             307.5218             32.73201
     0.04775262             321.1973             33.11535
     0.04852261             340.7382             33.34820
     0.04929258             305.7073             32.67492
     0.05006257             293.5791             32.50702
     0.05083254             348.4027             33.80618
     0.05160253             286.3827             32.60813
     0.05237250             344.2173             33.63325
     0.05314249             325.2636             33.23130
     0.05391246             368.5327             34.07676
     0.05468245             302.3473             32.60007
     0.05545242             299.7845             32.70105
     0.05622241             327.2682             33.08892
     0.05699238             375.2882             33.95148
     0.05776237             316.2773             33.02866
     0.05853234             363.3809             33.81422
     0.05930233             324.9282             33.16591
     0.06007230             381.6855             34.22828
     0.06084229             336.4073             33.33342
     0.06161226             318.7737             32.97149
     0.06238224             339.4845             33.57630
     0.06315222             369.4227             34.01989
     0.06392220             378.8091             34.09291
     0.06469218             357.2836             33.70171
     0.06546216             404.6391             34.58998
     0.06623214             375.2064             34.11377
     0.06700212             394.1691             34.38531
     0.06777211             376.3127             34.03763
     0.06854208             345.5136             33.55273
     0.06931207             386.6791             34.20138
     0.07008204             382.4055             34.17543
     0.07085203             402.4827             34.46661
     0.07162200             352.8227             33.49635
     0.07239199             387.6682             34.18000
     0.07316196             369.1936             33.95763
     0.07393195             422.7764             34.77344
     0.07470192             379.0237             34.10416
     0.07547191             353.2000             33.56970
     0.07624188             350.8445             33.60105
     0.07701187             419.0255             34.91235
     0.07778184             393.4273             34.40269
     0.07855183             378.2263             34.10706
     0.07932180             451.5509             35.61993
     0.08009179             416.7318             34.79473
     0.08086176             424.0518             35.01976
     0.08163175             434.0409             35.16563
     0.08240172             419.0564             34.78064
     0.08317171             440.7164             35.25909
     0.08394168             420.1536             34.92386
     0.08471167             441.2573             35.37420
     0.08548164             434.4427             35.06096
     0.08625162             424.7827             34.97077
     0.08702160             434.4273             35.18102
     0.08779158             439.4073             35.24496
     0.08856156             468.9527             35.82347
     0.08933155             338.1582             33.32756
     0.09010153             409.9682             34.66747
     0.09087150             389.1227             34.25349
     0.09164147             429.7873             35.15068
     0.09241147             384.3036             34.08301
     0.09318145             377.1073             34.02879
     0.09395142             411.5555             34.77245
     0.09472139             409.2263             34.67714
     0.09549139             379.4227             34.10390
     0.09626137             411.4845             34.91935
     0.09703134             432.6655             35.11542
     0.09780131             354.2327             33.65583
     0.09857132             348.6655             33.72517
     0.09934129             375.0982             34.12912
      0.1001113             381.3036             34.27645
      0.1008812             398.7255             34.42856
      0.1016512             341.7364             33.41647
      0.1024212             329.3654             33.18783
      0.1031912             385.3545             34.15936
      0.1039612             363.6945             33.61113
      0.1047312             358.9000             33.69648
      0.1055011             358.0191             33.79047
      0.1062711             355.8755             33.68318
      0.1070411             325.7627             33.13901
      0.1078111             353.3300             33.66987
      0.1085811             385.4800             34.23873
      0.1093510             385.8927             34.37105
      0.1101210             360.6964             33.95977
      0.1108910             360.0673             33.94077
      0.1116610             308.5882             32.79218
      0.1124309             329.5109             33.12387
      0.1132009             347.6809             33.63560
      0.1139709             369.0100             33.93752
      0.1147409             320.1227             32.94024
      0.1155109             330.2863             33.21794
      0.1162808             343.6682             33.42996
      0.1170508             307.7009             32.70027
      0.1178208             291.5618             32.35057
      0.1185908             345.6236             33.51659
      0.1193608             342.5882             33.34591
      0.1201307             319.2836             33.06584
      0.1209007             316.9636             33.21649
      0.1216707             340.8709             33.49894
      0.1224407             330.4491             33.22105
      0.1232107             332.9854             33.38104
      0.1239807             313.4091             32.93584
      0.1247506             320.0891             32.99524
      0.1255206             318.8973             32.94819
      0.1262906             304.6500             32.80720
      0.1270606             325.9500             33.24543
      0.1278306             314.1709             32.99881
      0.1286005             297.7118             32.56627
      0.1293705             304.0627             32.77851
      0.1301405             306.9345             32.92441
      0.1309105             319.9964             33.25547
      0.1316804             313.0627             32.83835
      0.1324504             343.1400             33.41208
      0.1332204             302.4182             32.70235
      0.1339904             324.1291             33.18657
      0.1347604             287.2991             32.44041
      0.1355303             273.8091             32.01857
      0.1363003             304.2064             32.77209
      0.1370703             259.5527             31.78314
      0.1378403             270.8709             31.98665
      0.1386103             222.9218             31.10146
      0.1393802             268.8600             32.09419
      0.1401502             307.1800             32.75603
      0.1409202             276.4736             32.25519
      0.1416902             311.0255             32.54620
      0.1424602             252.3455             31.60930
      0.1432302             260.7473             31.89939
      0.1440001             303.7627             32.70620
      0.1447701             288.7582             32.43649
      0.1455401             222.8354             31.04616
      0.1463101             286.7445             32.47574
      0.1470800             251.6164             31.78452
      0.1478500             242.9254             31.68024
      0.1486200             219.4618             31.20127
      0.1493900             271.3073             32.26599
      0.1501600             200.4109             30.79366
      0.1509299             250.7773             31.85292
      0.1516999             209.9473             30.93946
      0.1524699             256.6318             31.91611
      0.1532399             237.9873             31.49411
      0.1540099             245.1418             31.70277
      0.1547798             237.3473             31.53055
      0.1555498             194.8418             30.51469
      0.1563198             204.5791             30.62455
      0.1570898             192.8882             30.53436
      0.1578598             228.6873             31.31694
      0.1586298             186.9236             30.25254
      0.1593997             238.5618             31.39705
      0.1601697             233.6855             31.33234
      0.1609397             213.9591             30.89286
      0.1617097             221.2173             31.09791
      0.1624797             207.6145             30.70455
      0.1632496             204.6100             30.62650
      0.1640196             202.4355             30.69412
      0.1647896             197.4664             30.58609
      0.1655596             206.5854             30.97123
      0.1663295             185.8791             30.51053
      0.1670995             202.7927             30.83348
      0.1678695             198.3555             30.86181
      0.1686395             168.6027             30.09764
      0.1694095             163.7991             30.08482
      0.1701794             161.5564             29.90733
      0.1709494             135.0245             29.45127
      0.1717194             147.8082             29.63472
      0.1724894             157.2100             29.71700
      0.1732594             185.6736             30.46802
      0.1740293             189.4045             30.48885
      0.1747993             189.0600             30.41662
      0.1755693             184.7863             30.42616
      0.1763393             135.3336             29.36639
      0.1771093             166.9582             29.99566
      0.1778793             167.8609             29.95873
      0.1786492             150.1500             29.84808
      0.1794192             124.6664             29.22421
      0.1801892             103.1454             28.86125
      0.1809592             137.5582             29.54756
      0.1817292             131.3373             29.52716
      0.1824991             119.6064             29.22707
      0.1832691             102.3900             28.83111
      0.1840391             111.2509             28.91912
      0.1848091             105.5136             28.92632
      0.1855790             148.5645             29.85549
      0.1863490             133.7964             29.49809
      0.1871190             134.6109             29.60190
      0.1878890             127.7700             29.33362
      0.1886590             112.6727             29.11209
      0.1894289             133.5136             29.39499
      0.1901989             84.49362             28.46512
      0.1909689             108.3855             29.01653
      0.1917389             103.8382             28.71200
      0.1925089             95.54453             28.67640
      0.1932788             93.30182             28.75768
      0.1940488             87.20453             28.58418
      0.1948188             88.73001             28.48078
      0.1955888             111.4100             28.89189
      0.1963588             89.20453             28.52363
      0.1971288             93.91089             28.61862
      0.1978987             105.5291             28.88109
      0.1986687             62.86911             27.83956
      0.1994387             83.73001             28.31495
      0.2002087             49.03000             27.57050
      0.2009787             73.36545             28.23037
      0.2017486             42.90634             27.50347
      0.2025186             18.35001             26.86566
      0.2032886             74.45819             28.20774
      0.2040586             25.19547             27.05894
      0.2048285             30.02090             27.21552
      0.2055985             75.01001             28.14294
      0.2063685             60.90182             27.93583
      0.2071385             71.95273             28.09679
      0.2079085             18.10272             26.76600
      0.2086784             44.41180             27.61160
      0.2094484             34.72089             27.13604
      0.2102184             29.68542             27.21031
      0.2109884             51.57727             27.60643
      0.2117584             38.86636             27.46581
      0.2125283             27.83545             27.12482
      0.2132983             14.98999             26.78899
      0.2140683             21.73819             26.99001
      0.2148383             38.72726             27.42290
      0.2156083             28.24820             27.15618
      0.2163783             63.37634             27.93644
      0.2171482            -13.29907             26.09709
      0.2179182             34.04089             27.28869
      0.2186882             18.28818             26.77924
      0.2194582             30.61270             27.10732
      0.2202282             34.64816             27.15031
      0.2209981             34.84454             27.21369
      0.2217681             26.11182             26.95617
      0.2225381             20.06088             26.82988
      0.2233081             26.71637             27.05072
      0.2240780             15.50000             26.66619
      0.2248480             13.29907             26.76270
      0.2256180             34.09363             27.23647
      0.2263880             19.74908             27.13109
      0.2271580             66.97635             28.28025
      0.2279279             20.05365             26.97874
      0.2286979             32.29181             27.30255
      0.2294679             26.53906             27.30804
      0.2302379             21.45093             27.17016
      0.2310079             28.00726             27.25982
      0.2317779             39.76001             27.47539
      0.2325478             2.492706             26.66946
      0.2333178             4.905426             26.65376
      0.2340878             16.57455             26.73751
      0.2348578             22.65634             27.14243
      0.2356278             47.38727             27.76516
      0.2363977             10.05820             26.84398
      0.2371677             38.45999             27.45014
      0.2379377            -1.023651             26.34712
      0.2387077             4.658203             26.64813
      0.2394776             18.05545             26.86817
      0.2402476             21.75092             27.22733
      0.2410176             50.20364             27.82805
      0.2417876             30.68271             27.45479
      0.2425576             25.46637             27.25298
      0.2433275            -3.110016             26.61024
      0.2440975             2.143646             26.67781
      0.2448675             1.194550             26.53683
      0.2456375             33.26093             27.34118
      0.2464075             53.96729             27.83767
      0.2471774            -4.955444             26.57145
      0.2479474             8.230011             26.79439
      0.2487174             23.80179             27.12670
      0.2494874             10.59634             26.72848
      0.2502574            -13.02179             26.41240
      0.2510273             35.48364             27.57522
      0.2517973           -0.7282104             26.66808
      0.2525673             1.726349             26.60857
      0.2533373             26.43729             27.35928
      0.2541073            -31.36636             25.77163
      0.2548773             40.46820             27.59870
      0.2556472             16.53000             27.08324
      0.2564172            -11.87180             26.49917
      0.2571872            -20.38181             25.95381
      0.2579572             12.61819             26.93082
      0.2587271             31.26273             27.51772
      0.2594971             20.68637             27.26201
      0.2602671            -3.309082             26.71577
      0.2610371             13.75272             27.01083
      0.2618071            -6.499084             26.57612
      0.2625771            -8.607269             26.49495
      0.2633470            -8.704559             26.62307
      0.2641170            -20.14819             26.08647
      0.2648870             2.635437             26.97096
      0.2656569             25.58908             27.39694
      0.2664269             12.22272             26.99589
      0.2671970             28.76999             27.67320
      0.2679669             26.26001             27.39937
      0.2687369            -23.60544             26.31123
      0.2695069            -5.327271             26.62302
      0.2702768             15.43637             27.18049
      0.2710468             40.18457             28.05895
      0.2718168             3.957275             27.10554
      0.2725868             25.35001             27.52766
      0.2733568             7.690002             27.19915
      0.2741268             10.63907             27.31352
      0.2748967             5.583649             27.19762
      0.2756667            -21.97272             26.45979
      0.2764367             5.943634             27.20646
      0.2772067            -15.79822             26.62123
      0.2779766            -31.75180             26.18375
      0.2787466             16.70273             27.60418
      0.2795166            -11.60635             26.91873
      0.2802866             26.41998             27.61932
      0.2810566             1.079987             27.12926
      0.2818266             23.12634             27.73060
      0.2825965            -7.507294             27.15569
      0.2833665            -14.21365             26.78894
      0.2841365             17.37363             27.64602
      0.2849064             21.10181             27.78342
      0.2856764             8.086365             27.37433
      0.2864465             25.94272             27.93055
      0.2872164            -20.59366             26.70996
      0.2879864             10.25180             27.52595
      0.2887564             54.33365             28.62977
      0.2895263             22.26093             27.69396
      0.2902963            -16.35272             26.85537
      0.2910663             49.17273             28.51895
      0.2918363             13.00272             27.50959
      0.2926063             16.09543             27.49271
      0.2933763             23.28091             27.67374
      0.2941462             6.024567             27.27699
      0.2949162             46.62271             28.36306
      0.2956862             15.10181             27.64058
      0.2964562             5.271790             27.36115
      0.2972261            -6.887299             27.09940
      0.2979961            -19.71094             26.97484
      0.2987661             25.09909             28.11205
      0.2995361            -37.33365             26.40557
      0.3003061            -5.647278             27.20646
      0.3010761            -12.92545             27.08774
      0.3018460             16.89365             27.91324
      0.3026160             33.86728             28.22398
      0.3033860             36.94907             28.24244
      0.3041559             32.92908             28.34470
      0.3049260            -10.92545             27.13457
      0.3056960            -20.40457             26.79246
      0.3064659             6.842712             27.64210
      0.3072359             21.82272             27.98600
      0.3080059             24.41635             28.23666
      0.3087758             5.343628             27.75659
      0.3095458             13.00821             27.83767
      0.3103158             31.19363             28.28354
      0.3110858             22.98178             28.11920
      0.3118558             47.02365             28.74825
      0.3126258             17.44543             27.88808
      0.3133957             12.87820             27.64747
      0.3141657            -20.82822             26.71747
      0.3149357             22.69272             27.92827
      0.3157057             14.05908             27.87175
      0.3164756             3.904572             27.49130
      0.3172456             19.42999             28.01014
      0.3180156             3.193634             27.54928
      0.3187856             16.38544             28.01550
      0.3195556             32.05637             28.51407
      0.3203256             11.77820             27.97572
      0.3210955             23.97455             28.12617
      0.3218655             29.29907             28.34185
      0.3226355             18.05179             28.08700
      0.3234054             5.360931             27.78121
      0.3241755             11.45819             27.92915
      0.3249454            -1.140015             27.53407
      0.3257154            -4.195435             27.51559
      0.3264854             18.58820             28.08323
      0.3272554             17.80457             28.07983
      0.3280253             15.83545             28.01546
      0.3287953             43.80457             28.74390
      0.3295653             4.391785             27.86237
      0.3303353             14.58820             28.01912
      0.3311053            -20.18909             27.14186
      0.3318753             2.744568             27.80300
      0.3326452             16.35818             28.18334
      0.3334152            -34.31729             26.73356
      0.3341852             45.40909             28.90104
      0.3349552             26.72906             28.55995
      0.3357251             27.73999             28.54924
      0.3364951             27.26093             28.45683
      0.3372651            0.2099915             27.76536
      0.3380351            -7.536377             27.67709
      0.3388051             13.60272             28.24734
      0.3395751            -7.949097             27.69596
      0.3403450            -5.918213             27.73109
      0.3411150            -28.32001             27.25507
      0.3418850             9.401794             28.17415
      0.3426549             34.44363             28.76427
      0.3434249             37.56729             28.89883
      0.3441949             10.49637             28.27390
      0.3449649             58.62454             29.36838
      0.3457349             15.05728             28.24879
      0.3465049             23.02637             28.58802
      0.3472748             11.94907             28.23314
      0.3480448            -1.457275             28.18432
      0.3488148            -9.854553             27.57484
      0.3495848             41.32635             29.03611
      0.3503547             31.77457             28.79322
      0.3511248            -7.179077             27.78028
      0.3518947            -20.87909             27.68468
      0.3526647            -8.828217             27.72633
      0.3534347             11.60635             28.42427
      0.3542047             9.420929             28.17193
      0.3549746            -30.07822             27.39452
      0.3557446             7.252716             28.50077
      0.3565146             20.38544             28.71236
      0.3572845             5.597290             28.39847
      0.3580546            -7.453644             27.99962
      0.3588246             11.04272             28.66973
      0.3595945             30.36728             29.10767
      0.3603645             13.30545             28.47469
      0.3611345             20.90363             28.76230
      0.3619044            -4.169098             28.26872
      0.3626744             2.897278             28.38402
      0.3634444             1.782715             28.17415
      0.3642144             15.54001             28.65587
      0.3649844           -0.3981934             28.23749
      0.3657544            -13.70728             27.78950
      0.3665243            -32.21274             27.18310
      0.3672943             26.40543             28.70036
      0.3680643             10.09180             28.43656
      0.3688343             72.51364             29.75241
      0.3696042             6.822723             28.30539
      0.3703743             27.54456             28.87952
      0.3711442            0.9990845             28.21429
      0.3719142            -28.64999             27.55844
      0.3726842             8.839996             28.37140
      0.3734542             25.59909             28.94177
      0.3742241           -0.1072693             28.25024
      0.3749941             11.26999             28.60206
      0.3757641             1.806366             28.33228
      0.3765341             45.17273             29.48486
      0.3773041             21.20999             29.01477
      0.3780740            -5.701813             28.22209
      0.3788440           -0.3709106             28.66835
      0.3796140             13.90729             28.83439
      0.3803840            -1.236359             28.59295
      0.3811539             3.299988             28.71634
      0.3819239             24.31543             29.21282
      0.3826939            -26.44180             28.00877
      0.3834639             23.19180             29.03216
      0.3842339             36.67273             29.52656
      0.3850039             16.22455             29.05964
      0.3857738             11.30179             28.94032
      0.3865438             18.94635             29.06764
      0.3873138             34.14270             29.56511
      0.3880838             44.67456             30.01871
      0.3888537            -14.04727             28.46870
      0.3896238            -8.109070             28.55957
      0.3903937             6.210907             28.96236
      0.3911637            -18.31909             28.47668
      0.3919337             7.711792             29.00430
      0.3927037            -12.00092             28.38054
      0.3934736            -33.27457             27.87347
      0.3942436             51.25092             29.98873
      0.3950136             12.11179             29.09374
      0.3957836            -3.393646             28.64412
      0.3965536             3.116364             28.71393
      0.3973235            -4.651794             28.56190
      0.3980935            -11.45999             28.40139
      0.3988635             8.080902             28.97779
      0.3996335             3.261780             28.89218
      0.4004034             23.51999             29.28406
      0.4011734             15.68542             29.06415
      0.4019434            -3.670013             28.87663
      0.4027134            -6.767273             28.63776
      0.4034834            -29.16910             28.26717
      0.4042534            -12.42273             28.57762
      0.4050233            -7.875458             28.65959
      0.4057933             15.09363             29.21119
      0.4065633             8.195435             29.04011
      0.4073333             31.84000             29.64558
      0.4081032             3.314545             28.74547
      0.4088733             1.190918             28.93824
      0.4096432             34.75363             29.56683
      0.4104132             1.285431             28.83961
      0.4111832             41.92999             29.89845
      0.4119532             9.821808             29.33784
      0.4127231             5.879089             29.15548
      0.4134931             4.110901             29.18494
      0.4142631            -29.04822             28.38858
      0.4150331             2.942719             29.15207
      0.4158031             22.77908             29.68112
      0.4165730             5.710907             29.09415
      0.4173430            -14.00000             28.74077
      0.4181130            0.4945679             29.02838
      0.4188830             11.23636             29.40074
      0.4196529           -0.4700012             29.20858
      0.4204229            -2.964569             28.90705
      0.4211929            -19.71094             28.71886
      0.4219629             41.66000             30.12547
      0.4227329            -19.54544             28.65722
      0.4235029             22.16998             29.59806
      0.4242728             1.421783             29.16130
      0.4250428             26.58270             29.81114
      0.4258128             6.061798             29.18712
      0.4265828             14.08179             29.47423
      0.4273528             18.27820             29.40182
      0.4281228             4.644562             29.24154
      0.4288927             57.08820             30.56857
      0.4296627             21.75726             29.63569
      0.4304327             29.03091             29.70982
      0.4312027             9.262726             29.40377
      0.4319726             18.38818             29.64417
      0.4327426            -19.30728             28.83018
      0.4335126             19.89365             29.53236
      0.4342826             13.22272             29.48298
      0.4350526            -1.874573             29.16014
      0.4358225           -0.9472961             29.30977
      0.4365925             32.50092             30.00550
      0.4373625             23.54727             29.78262
      0.4381325             33.26456             29.84071
      0.4389024             18.29544             29.64248
      0.4396724            -15.57001             28.79175
      0.4404424             5.295441             29.28482
      0.4412124             23.09906             29.81460
      0.4419824             39.89819             30.11868
      0.4427524             3.981781             29.31205
      0.4435223             22.47180             29.87512
      0.4442923             16.32181             29.67118
      0.4450623            -21.95181             28.64264
      0.4458323             7.542725             29.44796
      0.4466023             24.68179             29.84150
      0.4473723            -24.38910             28.70414
      0.4481422            -8.775452             28.89326
      0.4489122            -7.991791             28.93830
      0.4496822             15.06543             29.66618
      0.4504521             17.91544             29.65921
      0.4512221             32.28635             30.22232
      0.4519921           -0.4509277             29.36897
      0.4527621            -34.56821             28.52457
      0.4535321             28.13818             30.04396
      0.4543021             34.92636             30.08533
      0.4550720            -4.356354             29.22886
      0.4558420             29.83820             29.99846
      0.4566120             35.56454             30.17197
      0.4573820            -3.192719             29.09228
      0.4581519             6.436340             29.36535
      0.4589219            -13.42908             29.07830
      0.4596919             42.22635             30.28429
      0.4604619             12.91727             29.69656
      0.4612319            -11.97910             29.22430
      0.4620019            -30.30820             28.76121
      0.4627718            -22.86456             28.91539
      0.4635418             19.16635             30.01738
      0.4643118             49.39365             30.62999
      0.4650818             52.02271             30.81827
      0.4658518            -21.45181             28.94602
      0.4666218             4.826355             29.52207
      0.4673917            -6.575439             29.36635
      0.4681617             21.16180             29.97541
      0.4689317             17.38272             29.90197
      0.4697016             30.74271             30.18874
      0.4704716             19.43362             29.91371
      0.4712416             14.78000             29.87336
      0.4720116             4.718201             29.71488
      0.4727816            -5.312714             29.21110
      0.4735516            -13.46729             29.12457
      0.4743215            -4.354553             29.36865
      0.4750915             4.568207             29.67779
      0.4758615            -1.895447             29.46927
      0.4766315             3.047272             29.50629
      0.4774014             60.72906             30.95084
      0.4781715            -5.950928             29.28801
      0.4789414             16.72906             29.92210
      0.4797114             11.92545             29.89985
      0.4804814             49.28091             30.68122
      0.4812514             29.96729             30.35968
      0.4820213             60.75092             30.99226
      0.4827913            -10.40820             29.27037
      0.4835613            -19.59821             29.33018
      0.4843313             25.23636             30.18507
      0.4851013             9.324554             29.95662
      0.4858713             5.159088             29.77704
