n0 =          240
     0.02388324             443.7682             36.41145
     0.02465323             367.5500             35.06713
     0.02542320             428.3782             36.15582
     0.02619319             395.0100             35.43416
     0.02696316             438.7236             36.07734
     0.02773315             386.4591             35.00155
     0.02850312             362.8809             34.69492
     0.02927311             377.6427             34.87919
     0.03004308             348.2500             34.16409
     0.03081307             335.7027             33.85502
     0.03158304             350.2482             34.15459
     0.03235303             403.7627             35.06128
     0.03312300             357.8073             34.18490
     0.03389299             329.0745             33.67491
     0.03466296             333.2845             33.67221
     0.03543295             334.4700             33.62351
     0.03620292             333.7791             33.52041
     0.03697290             326.0309             33.31782
     0.03774288             300.5873             32.96897
     0.03851286             321.9673             33.08502
     0.03928284             339.1527             33.62161
     0.04005282             304.6891             32.99716
     0.04082280             360.3954             33.90355
     0.04159278             362.1064             34.04124
     0.04236276             335.7709             33.36228
     0.04313274             320.7709             33.30088
     0.04390272             326.5745             33.40952
     0.04467270             302.7691             32.79501
     0.04544269             335.4645             33.26751
     0.04621266             360.7164             33.89521
     0.04698265             357.5218             33.70090
     0.04775262             349.1973             33.65665
     0.04852261             339.7382             33.32893
     0.04929258             304.7073             32.65513
     0.05006257             292.5791             32.48706
     0.05083254             332.4027             33.49780
     0.05160253             366.3827             34.16585
     0.05237250             345.2173             33.65246
     0.05314249             332.2636             33.36738
     0.05391246             338.5327             33.50486
     0.05468245             333.3473             33.20691
     0.05545242             306.7845             32.83979
     0.05622241             326.2682             33.06944
     0.05699238             361.2882             33.68671
     0.05776237             371.2773             34.08853
     0.05853234             328.3809             33.14133
     0.05930233             406.9282             34.71845
     0.06007230             367.6855             33.96483
     0.06084229             389.4073             34.33916
     0.06161226             377.7737             34.10261
     0.06238224             387.4845             34.48681
     0.06315222             351.4227             33.67775
     0.06392220             364.8091             33.82890
     0.06469218             363.2836             33.81576
     0.06546216             363.6391             33.82351
     0.06623214             334.2064             33.33128
     0.06700212             378.1691             34.08634
     0.06777211             343.3127             33.40876
     0.06854208             417.5136             34.90422
     0.06931207             474.6791             35.79810
     0.07008204             414.4055             34.76887
     0.07085203             407.4827             34.55892
     0.07162200             389.8227             34.19589
     0.07239199             416.6682             34.71651
     0.07316196             391.1936             34.37105
     0.07393195             428.7764             34.88270
     0.07470192             419.0237             34.84599
     0.07547191             397.2000             34.39837
     0.07624188             418.8445             34.87294
     0.07701187             426.0255             35.03986
     0.07778184             434.4273             35.15407
     0.07855183             451.2263             35.44426
     0.07932180             486.5509             36.23888
     0.08009179             471.7318             35.78240
     0.08086176             474.0518             35.91444
     0.08163175             442.0409             35.30988
     0.08240172             415.0564             34.70751
     0.08317171             461.7164             35.63446
     0.08394168             442.1536             35.32262
     0.08471167             465.2573             35.80279
     0.08548164             489.4427             36.03797
     0.08625162             473.7827             35.84840
     0.08702160             501.4273             36.36679
     0.08779158             452.4073             35.47807
     0.08856156             537.9528             37.01872
     0.08933155             498.1582             36.25883
     0.09010153             471.9682             35.78413
     0.09087150             508.1227             36.38755
     0.09164147             475.7873             35.97325
     0.09241147             492.3036             36.03151
     0.09318145             469.1073             35.70591
     0.09395142             443.5555             35.35402
     0.09472139             469.2263             35.75847
     0.09549139             463.4227             35.63506
     0.09626137             412.4845             34.93769
     0.09703134             441.6655             35.27764
     0.09780131             520.2327             36.65131
     0.09857132             479.6655             36.12481
     0.09934129             488.0982             36.17529
      0.1001113             476.3036             36.00087
      0.1008812             453.7255             35.42923
      0.1016512             521.7363             36.68255
      0.1024212             458.3654             35.58651
      0.1031912             499.3545             36.21223
      0.1039612             483.6945             35.79940
      0.1047312             426.9000             34.96305
      0.1055011             434.0191             35.20224
      0.1062711             429.8755             35.05968
      0.1070411             376.7627             34.11526
      0.1078111             471.3300             35.83462
      0.1085811             411.4800             34.71957
      0.1093510             402.8927             34.68620
      0.1101210             365.6964             34.05456
      0.1108910             399.0673             34.67189
      0.1116610             339.5882             33.39716
      0.1124309             375.5109             34.00278
      0.1132009             369.6809             34.05407
      0.1139709             386.0100             34.25686
      0.1147409             419.1227             34.81301
      0.1155109             365.2863             33.89133
      0.1162808             368.6682             33.90775
      0.1170508             360.7009             33.72771
      0.1178208             334.5618             33.19758
      0.1185908             343.6236             33.47813
      0.1193608             361.5882             33.70902
      0.1201307             367.2836             33.98975
      0.1209007             348.9636             33.83745
      0.1216707             319.8709             33.09068
      0.1224407             341.4491             33.43378
      0.1232107             317.9854             33.08877
      0.1239807             297.4091             32.61961
      0.1247506             299.0891             32.58131
      0.1255206             297.8973             32.53329
      0.1262906             319.6500             33.10263
      0.1270606             329.9500             33.32316
      0.1278306             298.1709             32.68233
      0.1286005             269.7118             32.00216
      0.1293705             307.0627             32.83787
      0.1301405             340.9345             33.58719
      0.1309105             291.9964             32.70204
      0.1316804             351.0627             33.57521
      0.1324504             274.1400             32.04945
      0.1332204             265.4182             31.95718
      0.1339904             296.1291             32.63400
      0.1347604             314.2991             32.97723
      0.1355303             273.8091             32.01857
      0.1363003             278.2064             32.25123
      0.1370703             275.5527             32.10947
      0.1378403             258.8709             31.74088
      0.1386103             252.9218             31.73090
      0.1393802             276.8600             32.25709
      0.1401502             258.1800             31.76669
      0.1409202             270.4736             32.13312
      0.1416902             192.0255             30.07767
      0.1424602             247.3455             31.50562
      0.1432302             252.7473             31.73443
      0.1440001             230.7627             31.21354
      0.1447701             239.7582             31.43314
      0.1455401             241.8354             31.44602
      0.1463101             269.7445             32.13256
      0.1470800             265.6164             32.07150
      0.1478500             243.9254             31.70101
      0.1486200             256.4618             31.97321
      0.1493900             198.3073             30.73840
      0.1501600             240.4109             31.64046
      0.1509299             196.7773             30.71367
      0.1516999             254.9473             31.88165
      0.1524699             223.6318             31.22884
      0.1532399             201.9873             30.73064
      0.1540099             233.1418             31.45255
      0.1547798             251.3473             31.82146
      0.1555498             204.8418             30.73107
      0.1563198             208.5791             30.71054
      0.1570898             239.8882             31.53618
      0.1578598             228.6873             31.31694
      0.1586298             264.9236             31.90306
      0.1593997             202.5618             30.63082
      0.1601697             223.6855             31.12105
      0.1609397             193.9591             30.46091
      0.1617097             210.2173             30.86306
      0.1624797             225.6145             31.08833
      0.1632496             200.6100             30.54020
      0.1640196             215.4355             30.97268
      0.1647896             231.4664             31.31105
      0.1655596             202.5854             30.88524
      0.1663295             221.8791             31.28524
      0.1670995             177.7927             30.28970
      0.1678695             226.3555             31.45774
      0.1686395             164.6027             30.00873
      0.1694095             198.7991             30.85125
      0.1701794             215.5564             31.08274
      0.1709494             183.0245             30.52813
      0.1717194             144.8082             29.56658
      0.1724894             187.2100             30.38128
      0.1732594             224.6736             31.30537
      0.1740293             166.4045             29.98133
      0.1747993             212.0600             30.91268
      0.1755693             179.7863             30.31636
      0.1763393             184.3336             30.46514
      0.1771093             158.9582             29.81713
      0.1778793             166.8609             29.93653
      0.1786492             190.1500             30.73300
      0.1794192             183.6664             30.54872
      0.1801892             134.1454             29.58365
      0.1809592             144.5582             29.70674
      0.1817292             148.3373             29.91374
      0.1824991             162.6064             30.20206
      0.1832691             115.3900             29.13601
      0.1840391             127.2509             29.29013
      0.1848091             137.5136             29.66682
      0.1855790             165.5645             30.23507
      0.1863490             161.7964             30.12932
      0.1871190             126.6109             29.41836
      0.1878890             161.7700             30.10329
      0.1886590             146.6727             29.89305
      0.1894289             164.5136             30.09210
      0.1901989             121.4936             29.33789
      0.1909689             107.3855             28.99308
      0.1917389             117.8382             29.03981
      0.1925089             108.5445             28.98368
      0.1932788             93.30182             28.75768
      0.1940488             132.2045             29.63874
      0.1948188             113.7300             29.07240
      0.1955888             108.4100             28.82153
      0.1963588             95.20453             28.66698
      0.1971288             121.9109             29.27575
      0.1978987             69.52908             28.01588
      0.1986687             89.86911             28.49720
      0.1994387             81.73001             28.26661
      0.2002087             74.03000             28.18903
      0.2009787             65.36545             28.03448
      0.2017486             76.90634             28.34632
      0.2025186             73.35001             28.25282
      0.2032886             71.45819             28.13459
      0.2040586             33.19547             27.26496
      0.2048285             53.02090             27.79754
      0.2055985             61.01001             27.79972
      0.2063685             43.90182             27.51107
      0.2071385             66.95273             27.97429
      0.2079085             42.10272             27.38329
      0.2086784             36.41180             27.40852
      0.2094484             35.72089             27.16160
      0.2102184             67.68542             28.16417
      0.2109884             36.57727             27.22785
      0.2117584             28.86636             27.21031
      0.2125283             64.83545             28.05532
      0.2132983             38.98999             27.40792
      0.2140683             14.73819             26.80768
      0.2148383             35.72726             27.34660
      0.2156083             27.24820             27.13044
      0.2163783            -3.623657             26.21283
      0.2171482             22.70093             27.05545
      0.2179182            -7.959106             26.18296
      0.2186882             10.28818             26.56900
      0.2194582             1.612701             26.34664
      0.2202282             2.648163             26.31263
      0.2209981            -18.15546             25.80722
      0.2217681             6.111816             26.43053
      0.2225381            -25.93912             25.58911
      0.2233081             25.71637             27.02488
      0.2240780            -40.50000             25.13734
      0.2248480            -15.70093             25.98469
      0.2256180             50.09363             27.64055
      0.2263880             10.74908             26.89603
      0.2271580             8.976349             26.81076
      0.2279279             19.05365             26.95280
      0.2286979             14.29181             26.83899
      0.2294679             13.53906             26.97170
      0.2302379            -3.549072             26.51262
      0.2310079             5.007263             26.66067
      0.2317779            -19.23999             25.92469
      0.2325478             6.492706             26.77517
      0.2333178             40.90543             27.58107
      0.2340878             11.57455             26.60693
      0.2348578            -4.343658             26.43129
      0.2356278            -13.61273             26.17060
      0.2363977             3.058197             26.65887
      0.2371677             37.45999             27.42477
      0.2379377            -29.02365             25.58433
      0.2387077             26.65820             27.22005
      0.2394776             7.055450             26.58126
      0.2402476            -16.24908             26.22139
      0.2410176            -12.79636             26.19228
      0.2417876             29.68271             27.42923
      0.2425576            -5.533630             26.43869
      0.2433275             2.889984             26.76968
      0.2440975            0.1436462             26.62488
      0.2448675             5.194550             26.64253
      0.2456375             6.260925             26.64253
      0.2464075            -24.03271             25.80456
      0.2471774             5.044556             26.83720
      0.2479474            -5.769989             26.42285
      0.2487174            -9.198212             26.25744
      0.2494874            -19.40366             25.92651
      0.2502574             14.97821             27.15454
      0.2510273             3.483643             26.74880
      0.2517973            -5.728210             26.53473
      0.2525673            -2.273651             26.50257
      0.2533373           -0.5627136             26.65590
      0.2541073             19.63364             27.13459
      0.2548773             16.46820             26.98626
      0.2556472            -12.47000             26.31620
      0.2564172             15.12820             27.21329
      0.2571872            -11.38181             26.19769
      0.2579572             5.618195             26.74774
      0.2587271             6.262726             26.87256
      0.2594971             4.686371             26.84665
      0.2602671             8.690918             27.03201
      0.2610371             28.75272             27.39635
      0.2618071             21.50092             27.30804
      0.2625771           -0.6072693             26.70755
      0.2633470             13.29544             27.20128
      0.2641170            -20.14819             26.08647
      0.2648870             62.63544             28.48730
      0.2656569            -7.410919             26.53719
      0.2664269             27.22272             27.38142
      0.2671970             16.76999             27.36660
      0.2679669            -4.739990             26.59502
      0.2687369            -11.60544             26.63474
      0.2695069            -5.327271             26.62302
      0.2702768             16.43637             27.20619
      0.2710468             29.18457             27.78342
      0.2718168             6.957275             27.18368
      0.2725868             9.350006             27.11832
      0.2733568           -0.3099976             26.99064
      0.2741268            -25.36093             26.36189
      0.2748967            0.5836487             27.06774
      0.2756667            -20.97272             26.48664
      0.2764367             34.94363             27.94414
      0.2772067            -28.79822             26.27102
      0.2779766             21.24820             27.57846
      0.2787466             1.702728             27.21815
      0.2795166            -25.60635             26.54455
      0.2802866            -1.580017             26.90290
      0.2810566            -3.920013             26.99902
      0.2818266             6.126343             27.29709
      0.2825965            -22.50729             26.75789
      0.2833665             19.78635             27.66940
      0.2841365             30.37363             27.97371
      0.2849064             16.10181             27.65691
      0.2856764           -0.9136353             27.14210
      0.2864465             1.942719             27.32048
      0.2872164             8.406342             27.46752
      0.2879864            -4.748199             27.13889
      0.2887564            -12.66635             26.93730
      0.2895263           -0.7390747             27.10512
      0.2902963             19.64728             27.78890
      0.2910663             25.17273             27.92407
      0.2918363            -10.99728             26.88650
      0.2926063             5.095428             27.21074
      0.2933763            -19.71909             26.55780
      0.2941462             15.02457             27.50708
      0.2949162             52.62271             28.50909
      0.2956862             2.101807             27.30735
      0.2964562             14.27179             27.59154
      0.2972261            -17.88730             26.80971
      0.2979961            -6.710938             27.31672
      0.2987661            -8.900909             27.24431
      0.2995361            -9.333649             27.15086
      0.3003061             38.35272             28.31523
      0.3010761             9.074554             27.65508
      0.3018460            -1.106354             27.45453
      0.3026160            -16.13272             26.94918
      0.3033860             5.949066             27.46388
      0.3041559            -4.070923             27.40825
      0.3049260            -8.925446             27.18670
      0.3056960             51.59543             28.60801
      0.3064659             17.84271             27.92043
      0.3072359             30.82272             28.20947
      0.3080059             20.41635             28.13703
      0.3087758            -17.65637             27.16147
      0.3095458             21.00821             28.03868
      0.3103158             14.19363             27.85931
      0.3110858             16.98178             27.96882
      0.3118558           -0.9763489             27.55070
      0.3126258            -12.55457             27.11845
      0.3133957             50.87820             28.58722
      0.3141657            -3.828217             27.16272
      0.3149357            -13.30728             27.00706
      0.3157057             12.05908             27.82118
      0.3164756            -24.09543             26.76137
      0.3172456             19.42999             28.01014
      0.3180156             22.19363             28.02944
      0.3187856            -19.61456             27.09064
      0.3195556             43.05637             28.78261
      0.3203256             1.778198             27.72220
      0.3210955             3.974548             27.62425
      0.3218655             26.29907             28.26782
      0.3226355            -25.94821             26.95646
      0.3234054            -5.639069             27.49998
      0.3241755            -12.54181             27.31429
      0.3249454           -0.1400146             27.55970
      0.3257154             24.80457             28.24667
      0.3264854             34.58820             28.47833
      0.3272554             28.80457             28.35263
      0.3280253            -11.16455             27.32778
      0.3287953            -3.195435             27.57351
      0.3295653             5.391785             27.88776
      0.3303353             14.58820             28.01912
      0.3311053            0.8109131             27.68377
      0.3318753             3.744568             27.82834
      0.3326452            -9.641815             27.52497
      0.3334152             19.68271             28.12134
      0.3341852             12.40909             28.09044
      0.3349552             9.729065             28.13729
      0.3357251            -5.260010             27.72251
      0.3364951             10.26093             28.03522
      0.3372651             45.20999             28.87494
      0.3380351           -0.5363770             27.85512
      0.3388051            -6.397278             27.74352
      0.3395751            -18.94910             27.41250
      0.3403450             9.081787             28.11016
      0.3411150             13.67999             28.32852
      0.3418850             36.40179             28.83813
      0.3426549             14.44363             28.27395
      0.3434249            -24.43271             27.34376
      0.3441949            -8.503632             27.79557
      0.3449649            -19.37546             27.44482
      0.3457349             6.057281             28.02449
      0.3465049            -25.97363             27.34760
      0.3472748            -13.05093             27.60132
      0.3480448             27.54272             28.90361
      0.3488148            -41.85455             26.73945
      0.3495848            -2.673645             27.95318
      0.3503547            -17.22543             27.56841
      0.3511248            -31.17908             27.15969
      0.3518947             21.12091             28.74168
      0.3526647             11.17178             28.22953
      0.3534347             25.60635             28.76790
      0.3542047             22.42093             28.49198
      0.3549746            -16.07822             27.75602
      0.3557446            -6.747284             28.15076
      0.3565146            -30.61456             27.42456
      0.3572845            -28.40271             27.53410
      0.3580546             7.546356             28.37487
      0.3588246             36.04272             29.27578
      0.3595945             6.367279             28.52207
      0.3603645             21.30545             28.67010
      0.3611345          -0.09637451             28.24528
      0.3619044            -28.16910             27.65707
      0.3626744            -31.10272             27.51853
      0.3634444           -0.2172852             28.12409
      0.3642144            -7.459991             28.08189
      0.3649844            -15.39819             27.85746
      0.3657544             7.292725             28.31819
      0.3665243            -22.21274             27.44305
      0.3672943            -7.594574             27.85648
      0.3680643            -41.90820             27.10551
      0.3688343            -3.486359             27.92023
      0.3696042             9.822723             28.37997
      0.3703743            -10.45544             27.93515
      0.3711442            -16.00092             27.78412
      0.3719142            -16.64999             27.86788
      0.3726842            -22.16000             27.58887
      0.3734542             4.599091             28.42724
      0.3742241             12.89273             28.57225
      0.3749941             49.26999             29.51536
      0.3757641             13.80637             28.62825
      0.3765341             19.17273             28.86220
      0.3773041            -11.79001             28.20022
      0.3780740             3.298187             28.44556
      0.3788440            0.6290894             28.69309
      0.3796140            -7.092712             28.31673
      0.3803840             8.763641             28.83899
      0.3811539             10.29999             28.88784
      0.3819239             3.315430             28.70256
      0.3826939             18.55820             29.12517
      0.3834639             3.191803             28.54590
      0.3842339             1.672729             28.68393
      0.3850039            0.2245483             28.66973
      0.3857738            -17.69821             28.22367
      0.3865438            -39.05365             27.62211
      0.3873138             10.14270             28.99036
      0.3880838            -9.325439             28.72054
      0.3888537            -22.04727             28.26794
      0.3896238             25.89093             29.38533
      0.3903937             36.21091             29.68001
      0.3911637             2.680908             28.99560
      0.3919337            -8.288208             28.61252
      0.3927037            -32.00092             27.87606
      0.3934736            -12.27457             28.40419
      0.3942436            0.2509155             28.77186
      0.3950136            -9.888214             28.55373
      0.3957836            -5.393646             28.59467
      0.3965536             4.116364             28.73843
      0.3973235             68.34821             30.29461
      0.3980935             12.54001             28.99051
      0.3988635             47.08090             29.90606
      0.3996335            -12.73822             28.49707
      0.4004034            -24.48001             28.10545
      0.4011734             51.68542             29.91285
      0.4019434             13.32999             29.29067
      0.4027134            -17.76727             28.36462
      0.4034834             8.830902             29.20807
      0.4042534            -11.42273             28.60248
      0.4050233             23.12454             29.41114
      0.4057933             4.093628             28.94518
      0.4065633             31.19543             29.59122
      0.4073333             15.84000             29.26418
      0.4081032            -2.685455             28.59856
      0.4088733            -16.80908             28.49320
      0.4096432            -2.246368             28.67911
      0.4104132            -47.71457             27.60862
      0.4111832             18.92999             29.35659
      0.4119532            -60.17819             27.57506
      0.4127231             14.87909             29.37211
      0.4134931             36.11090             29.94698
      0.4142631             19.95178             29.58815
      0.4150331             8.942719             29.29675
      0.4158031             28.77908             29.82222
      0.4165730             1.710907             28.99747
      0.4173430            -48.00000             27.88413
      0.4181130             19.49457             29.48416
      0.4188830            -51.76364             27.83139
      0.4196529            -22.47000             28.66660
      0.4204229             28.03543             29.64906
      0.4211929            -23.71094             28.61935
      0.4219629             30.66000             29.86944
      0.4227329            -4.545441             29.02562
      0.4235029             15.16998             29.43186
      0.4242728             1.421783             29.16130
      0.4250428             5.582703             29.31139
      0.4258128             10.06180             29.28324
      0.4265828             19.08179             29.59334
      0.4273528             6.278198             29.11479
      0.4281228            -13.35544             28.80288
      0.4288927            -24.91180             28.61629
      0.4296627            -9.242737             28.88853
      0.4304327             11.03091             29.28315
      0.4312027            0.2627258             29.18663
      0.4319726            -21.61182             28.67490
      0.4327426             5.692719             29.43910
      0.4335126            -4.106354             28.95761
      0.4342826             16.22272             29.55436
      0.4350526             7.125427             29.37703
      0.4358225            -47.94730             28.13792
      0.4365925            -3.499084             29.14817
      0.4373625            -40.45273             28.21630
      0.4381325             13.26456             29.36980
      0.4389024            -6.704559             29.04205
      0.4396724            -7.570007             28.98763
      0.4404424             7.295441             29.33282
      0.4412124           0.09906006             29.26537
      0.4419824            -35.10181             28.30749
      0.4427524            -22.01822             28.67764
      0.4435223             13.47180             29.66239
      0.4442923             8.321808             29.48071
      0.4450623             10.04819             29.42165
      0.4458323            -1.457275             29.23108
      0.4466023            0.6817932             29.26937
      0.4473723             4.610901             29.41219
      0.4481422             29.22455             29.79927
      0.4489122            -5.991791             28.98692
      0.4496822             42.06543             30.29603
      0.4504521             8.915436             29.44553
      0.4512221             17.28635             29.87051
      0.4519921            -17.45093             28.95444
      0.4527621            -11.56821             29.09362
      0.4535321             8.138184             29.57253
      0.4543021             12.92636             29.56961
      0.4550720             46.64365             30.42677
      0.4558420             20.83820             29.78761
      0.4566120             2.564545             29.39272
      0.4573820            -9.192719             28.94658
      0.4581519             10.43634             29.46081
      0.4589219            -1.429077             29.36970
      0.4596919            -5.773651             29.15377
      0.4604619             6.917267             29.55402
      0.4612319             13.02090             29.82403
      0.4620019             23.69180             30.06089
      0.4627718             1.135437             29.49754
      0.4635418             14.16635             29.89985
      0.4643118            -6.606354             29.32102
      0.4650818             33.02271             30.38441
      0.4658518            -6.451813             29.31091
      0.4666218            -15.17365             29.04036
      0.4673917             14.42456             29.86667
      0.4681617             33.16180             30.25396
      0.4689317             25.38272             30.08909
      0.4697016            -15.25729             29.09437
      0.4704716            -11.56638             29.17340
      0.4712416            -6.220001             29.37304
      0.4720116            -7.281799             29.42720
      0.4727816             27.68729             29.99121
      0.4735516             32.53271             30.21401
      0.4743215             24.64545             30.05572
      0.4750915             50.56821             30.74702
      0.4758615             33.10455             30.29301
      0.4766315             18.04727             29.86164
      0.4774014            -5.270935             29.41954
      0.4781715             38.04907             30.32082
      0.4789414             14.72906             29.87512
      0.4797114             14.92545             29.97045
      0.4804814             2.280914             29.58932
      0.4812514            -2.032715             29.60781
      0.4820213            0.7509155             29.60776
      0.4827913            -32.40820             28.73294
      0.4835613            -14.59821             29.45152
      0.4843313            -16.76364             29.18930
      0.4851013             23.32455             30.28371
      0.4858713             3.159088             29.72963
