n0 =          240
     0.02388324             361.7682             34.94007
     0.02465323             333.5500             34.43441
     0.02542320             358.3782             34.88757
     0.02619319             334.0100             34.30467
     0.02696316             343.7236             34.34375
     0.02773315             313.4591             33.62885
     0.02850312             321.8809             33.91917
     0.02927311             330.6427             33.99620
     0.03004308             280.2500             32.84718
     0.03081307             286.7027             32.90299
     0.03158304             270.2482             32.59688
     0.03235303             308.7627             33.27067
     0.03312300             311.8073             33.30276
     0.03389299             290.0745             32.91202
     0.03466296             299.2845             33.00942
     0.03543295             238.4700             31.70670
     0.03620292             277.7791             32.41936
     0.03697290             315.0309             33.10381
     0.03774288             274.5873             32.44978
     0.03851286             289.9673             32.45399
     0.03928284             276.1527             32.38045
     0.04005282             295.6891             32.81893
     0.04082280             289.3954             32.52383
     0.04159278             319.1064             33.21513
     0.04236276             272.7709             32.11724
     0.04313274             324.7709             33.37879
     0.04390272             285.5745             32.60004
     0.04467270             313.7691             33.01217
     0.04544269             354.4645             33.63250
     0.04621266             265.7164             32.02290
     0.04698265             309.5218             32.77147
     0.04775262             347.1973             33.61835
     0.04852261             317.7382             32.90139
     0.04929258             242.7073             31.39647
     0.05006257             294.5791             32.52696
     0.05083254             336.4027             33.57524
     0.05160253             282.3827             32.52768
     0.05237250             295.2173             32.67395
     0.05314249             268.2636             32.09509
     0.05391246             351.5327             33.75421
     0.05468245             347.3473             33.47635
     0.05545242             373.7845             34.13103
     0.05622241             313.2682             32.81477
     0.05699238             312.2882             32.73827
     0.05776237             368.2773             34.03182
     0.05853234             306.3809             32.70919
     0.05930233             281.9282             32.31292
     0.06007230             296.6855             32.58615
     0.06084229             327.4073             33.15872
     0.06161226             312.7737             32.85363
     0.06238224             318.4845             33.16773
     0.06315222             318.4227             33.03858
     0.06392220             326.8091             33.09860
     0.06469218             339.2836             33.35658
     0.06546216             339.6391             33.36432
     0.06623214             346.2064             33.56273
     0.06700212             358.1691             33.70782
     0.06777211             334.3127             33.23458
     0.06854208             351.5136             33.66803
     0.06931207             325.6791             33.03617
     0.07008204             363.4055             33.81674
     0.07085203             333.4827             33.15896
     0.07162200             431.8227             34.96847
     0.07239199             343.6682             33.34478
     0.07316196             372.1936             34.01439
     0.07393195             349.7764             33.40750
     0.07470192             424.0237             34.93731
     0.07547191             350.2000             33.51225
     0.07624188             335.8445             33.31205
     0.07701187             367.0255             33.94591
     0.07778184             336.4273             33.32178
     0.07855183             377.2263             34.08827
     0.07932180             412.5509             34.91369
     0.08009179             394.7318             34.38953
     0.08086176             368.0518             33.98182
     0.08163175             413.0409             34.78336
     0.08240172             396.0564             34.35745
     0.08317171             396.7164             34.45568
     0.08394168             439.1536             35.26858
     0.08471167             406.2573             34.73706
     0.08548164             435.4427             35.07903
     0.08625162             403.7827             34.58595
     0.08702160             412.4273             34.78041
     0.08779158             463.4073             35.67381
     0.08856156             425.9527             35.05233
     0.08933155             427.1582             34.99667
     0.09010153             397.9682             34.44601
     0.09087150             391.1227             34.29076
     0.09164147             432.7873             35.20508
     0.09241147             421.3036             34.76615
     0.09318145             386.1073             34.19750
     0.09395142             420.5555             34.93727
     0.09472139             376.2263             34.06367
     0.09549139             414.4227             34.75232
     0.09626137             390.4845             34.53138
     0.09703134             375.6655             34.06505
     0.09780131             360.2327             33.77004
     0.09857132             390.6655             34.51785
     0.09934129             379.0982             34.20423
      0.1001113             369.3036             34.05064
      0.1008812             370.7255             33.90460
      0.1016512             436.7364             35.18827
      0.1024212             356.3654             33.70805
      0.1031912             318.3545             32.87572
      0.1039612             432.6945             34.89059
      0.1047312             381.9000             34.13162
      0.1055011             357.0191             33.77139
      0.1062711             359.8755             33.75943
      0.1070411             360.7627             33.81289
      0.1078111             350.3300             33.61250
      0.1085811             338.4800             33.34687
      0.1093510             300.8927             32.73624
      0.1101210             368.6964             34.11128
      0.1108910             320.0673             33.16916
      0.1116610             314.5882             32.91040
      0.1124309             343.5109             33.39451
      0.1132009             322.6809             33.15176
      0.1139709             328.0100             33.15100
      0.1147409             350.1227             33.52195
      0.1155109             302.2863             32.66623
      0.1162808             343.6682             33.42996
      0.1170508             342.7009             33.38333
      0.1178208             318.5618             32.88570
      0.1185908             308.6236             32.79559
      0.1193608             294.5882             32.40511
      0.1201307             314.2836             32.96767
      0.1209007             313.9636             33.15749
      0.1216707             304.8709             32.79501
      0.1224407             292.4491             32.47227
      0.1232107             291.9854             32.57407
      0.1239807             313.4091             32.93584
      0.1247506             285.0891             32.30153
      0.1255206             337.8973             33.31785
      0.1262906             307.6500             32.86656
      0.1270606             291.9500             32.57496
      0.1278306             248.1709             31.66655
      0.1286005             295.7118             32.52639
      0.1293705             256.0627             31.80897
      0.1301405             318.9345             33.16030
      0.1309105             300.9964             32.88125
      0.1316804             261.0627             31.79394
      0.1324504             318.1400             32.92678
      0.1332204             284.4182             32.34263
      0.1339904             306.1291             32.83273
      0.1347604             319.2991             33.07540
      0.1355303             275.8091             32.05919
      0.1363003             298.2064             32.65285
      0.1370703             282.5527             32.25090
      0.1378403             217.8709             30.88172
      0.1386103             316.9218             33.02170
      0.1393802             267.8600             32.07376
      0.1401502             275.1800             32.11443
      0.1409202             290.4736             32.53769
      0.1416902             227.0255             30.83051
      0.1424602             215.3455             30.83124
      0.1432302             240.7473             31.48486
      0.1440001             286.7627             32.36660
      0.1447701             239.7582             31.43314
      0.1455401             245.8354             31.52935
      0.1463101             228.7445             31.28450
      0.1470800             249.6164             31.74325
      0.1478500             259.9254             32.03093
      0.1486200             253.4618             31.91153
      0.1493900             232.3073             31.46205
      0.1501600             225.4109             31.32645
      0.1509299             240.7773             31.64602
      0.1516999             213.9473             31.02474
      0.1524699             207.6318             30.88833
      0.1532399             201.9873             30.73064
      0.1540099             179.1418             30.29244
      0.1547798             239.3473             31.57232
      0.1555498             212.8418             30.90272
      0.1563198             223.5791             31.03020
      0.1570898             213.8882             30.98728
      0.1578598             193.6873             30.56757
      0.1586298             173.9236             29.96569
      0.1593997             216.5618             30.93178
      0.1601697             202.6855             30.67105
      0.1609397             182.9591             30.21983
      0.1617097             199.2173             30.62583
      0.1624797             199.6145             30.53194
      0.1632496             225.6100             31.07445
      0.1640196             184.4355             30.30280
      0.1647896             176.4664             30.12671
      0.1655596             200.5854             30.84212
      0.1663295             152.8791             29.77655
      0.1670995             187.7927             30.50876
      0.1678695             180.3555             30.47049
      0.1686395             230.6027             31.43346
      0.1694095             126.7991             29.24506
      0.1701794             125.5564             29.08816
      0.1709494             151.0245             29.81605
      0.1717194             196.8082             30.71938
      0.1724894             176.2100             30.13997
      0.1732594             165.6736             30.02649
      0.1740293             139.4045             29.37047
      0.1747993             182.0600             30.26350
      0.1755693             180.7863             30.33837
      0.1763393             145.3336             29.59508
      0.1771093             160.9582             29.86190
      0.1778793             172.8609             30.06938
      0.1786492             136.1500             29.52989
      0.1794192             138.6664             29.54574
      0.1801892             126.1454             29.39954
      0.1809592             81.55817             28.22992
      0.1817292             122.3373             29.31970
      0.1824991             113.6064             29.08750
      0.1832691             131.3900             29.50543
      0.1840391             118.2509             29.08222
      0.1848091             117.5136             29.20700
      0.1855790             119.5645             29.19255
      0.1863490             98.79636             28.68244
      0.1871190             106.6109             28.95259
      0.1878890             119.7700             29.14852
      0.1886590             81.67273             28.37430
      0.1894289             109.5136             28.83965
      0.1901989             87.49362             28.53725
      0.1909689             120.3855             29.29599
      0.1917389             110.8382             28.87654
      0.1925089             90.54453             28.55701
      0.1932788             130.3018             29.62373
      0.1940488             120.2045             29.36256
      0.1948188             56.73001             27.69805
      0.1955888             53.41000             27.48767
      0.1963588             69.20453             28.03853
      0.1971288             61.91089             27.84145
      0.1978987             59.52908             27.76894
      0.1986687             24.86911             26.87593
      0.1994387             47.73001             27.42686
      0.2002087             86.03000             28.47940
      0.2009787             56.36545             27.81183
      0.2017486             67.90634             28.12661
      0.2025186             34.35001             27.27935
      0.2032886             76.45819             28.25636
      0.2040586             60.19547             27.94474
      0.2048285             52.02090             27.77258
      0.2055985             67.01001             27.94753
      0.2063685             41.90182             27.46050
      0.2071385             5.952728             26.41559
      0.2079085             60.10272             27.83388
      0.2086784             11.41180             26.75990
      0.2094484             32.72089             27.08481
      0.2102184             21.68542             27.00347
      0.2109884             38.57727             27.27875
      0.2117584             39.86636             27.49117
      0.2125283             41.83545             27.48205
      0.2132983             19.98999             26.91958
      0.2140683             11.73819             26.72901
      0.2148383             26.72726             27.11591
      0.2156083             21.24820             26.97532
      0.2163783             49.37634             27.58860
      0.2171482             8.700928             26.68853
      0.2179182             14.04089             26.77017
      0.2186882             32.28818             27.14170
      0.2194582             2.612701             26.37338
      0.2202282             22.64816             26.84046
      0.2209981             25.84454             26.98207
      0.2217681             18.11182             26.74765
      0.2225381             31.06088             27.11486
      0.2233081            -1.283630             26.31374
      0.2240780             6.500000             26.42886
      0.2248480            -7.700928             26.20259
      0.2256180             10.09363             26.61422
      0.2263880             36.74908             27.56745
      0.2271580            0.9763489             26.59905
      0.2279279             16.05365             26.87477
      0.2286979             41.29181             27.53027
      0.2294679             8.539063             26.84075
      0.2302379            -5.549072             26.45901
      0.2310079            -6.992737             26.34040
      0.2317779             18.76001             26.93776
      0.2325478            0.4927063             26.61639
      0.2333178             36.90543             27.48018
      0.2340878            -7.425446             26.10232
      0.2348578            -16.34366             26.10636
      0.2356278             39.38727             27.56338
      0.2363977             26.05820             27.26047
      0.2371677             50.45999             27.75204
      0.2379377             31.97635             27.20805
      0.2387077            -6.341797             26.35559
      0.2394776            -14.94455             25.99405
      0.2402476            -1.249084             26.62491
      0.2410176            -6.796356             26.35427
      0.2417876            -19.31729             26.13270
      0.2425576             9.466370             26.83706
      0.2433275             15.88998             27.11062
      0.2440975            -35.85635             25.64546
      0.2448675            -1.805450             26.45716
      0.2456375             25.26093             27.13679
      0.2464075             15.96729             26.87404
      0.2471774            -1.955444             26.65157
      0.2479474             11.23001             26.87306
      0.2487174            -5.198212             26.36497
      0.2494874            -8.403656             26.22459
      0.2502574            -18.02179             26.27671
      0.2510273            -7.516357             26.45626
      0.2517973             12.27179             27.01043
      0.2525673             3.726349             26.66135
      0.2533373             28.43729             27.41037
      0.2541073             26.63364             27.31425
      0.2548773             15.46820             26.96032
      0.2556472             17.53000             27.10915
      0.2564172             12.12820             27.13526
      0.2571872             19.61819             27.01423
      0.2579572             22.61819             27.18937
      0.2587271             8.262726             26.92497
      0.2594971             33.68637             27.59308
      0.2602671             22.69092             27.39448
      0.2610371             33.75272             27.52319
      0.2618071             24.50092             27.38484
      0.2625771             22.39273             27.30589
      0.2633470             2.295441             26.91437
      0.2641170             13.85181             26.98772
      0.2648870             35.63544             27.81927
      0.2656569             5.589081             26.88050
      0.2664269            -23.77728             26.03754
      0.2671970            -9.230011             26.68511
      0.2679669            -19.73999             26.19324
      0.2687369             2.394562             27.00523
      0.2695069            -9.327271             26.51672
      0.2702768            -6.563629             26.60623
      0.2710468             19.18457             27.52958
      0.2718168             15.95728             27.41622
      0.2725868             21.35001             27.42612
      0.2733568            -17.31000             26.53979
      0.2741268             32.63907             27.87274
      0.2748967             8.583649             27.27513
      0.2756667            -43.97272             25.85871
      0.2764367            -29.05637             26.27671
      0.2772067             41.20178             28.08525
      0.2779766             11.24820             27.32297
      0.2787466             18.70273             27.65508
      0.2795166             1.393646             27.25967
      0.2802866             14.41998             27.31549
      0.2810566             31.07999             27.89288
      0.2818266             7.126343             27.32286
      0.2825965            -16.50729             26.91802
      0.2833665             3.786346             27.26006
      0.2841365            -30.62637             26.38566
      0.2849064             9.101807             27.47842
      0.2856764             25.08636             27.80560
      0.2864465             5.942719             27.42349
      0.2872164             14.40634             27.62061
      0.2879864             9.251801             27.50039
      0.2887564           -0.6663513             27.25136
      0.2895263             3.260925             27.20881
      0.2902963             25.64728             27.94023
      0.2910663             39.17273             28.27321
      0.2918363             19.00272             27.66228
      0.2926063             23.09543             27.67006
      0.2933763             8.280914             27.29173
      0.2941462            -23.97543             26.48953
      0.2949162            -41.37729             26.08697
      0.2956862            -13.89819             26.88916
      0.2964562             3.271790             27.30957
      0.2972261             13.11270             27.61515
      0.2979961            -1.710938             27.44660
      0.2987661             19.09909             27.96168
      0.2995361             19.66635             27.89336
      0.3003061            -3.647278             27.25823
      0.3010761             5.074554             27.55315
      0.3018460            -3.106354             27.40289
      0.3026160           -0.1327209             27.36624
      0.3033860             7.949066             27.51504
      0.3041559             1.929077             27.56317
      0.3049260             37.07455             28.34888
      0.3056960            -2.404572             27.26229
      0.3064659             43.84271             28.56332
      0.3072359             25.82272             28.08562
      0.3080059             4.416351             27.73346
      0.3087758             14.34363             27.98460
      0.3095458            -2.991791             27.42940
      0.3103158            -7.806366             27.29645
      0.3110858            -27.01822             26.82921
      0.3118558             29.02365             28.30749
      0.3126258            -11.55457             27.14460
      0.3133957             5.878204             27.46944
      0.3141657             12.17178             27.57259
      0.3149357             36.69272             28.27526
      0.3157057            -4.940918             27.38597
      0.3164756             10.90457             27.66956
      0.3172456             12.42999             27.83370
      0.3180156             34.19363             28.32686
      0.3187856            -3.614563             27.50713
      0.3195556             17.05637             28.14207
      0.3203256            -8.221802             27.46536
      0.3210955            -11.02545             27.23923
      0.3218655             32.29907             28.41562
      0.3226355             2.051788             27.68343
      0.3234054             14.36093             28.00835
      0.3241755             23.45819             28.22953
      0.3249454             68.85999             29.25368
      0.3257154            -2.195435             27.56688
      0.3264854            -3.411804             27.52688
      0.3272554            -14.19543             27.26422
      0.3280253             46.83545             28.77692
      0.3287953            -45.19543             26.46470
      0.3295653             16.39178             28.16504
      0.3303353             30.58820             28.41617
      0.3311053             19.81091             28.16150
      0.3318753             6.744568             27.90415
      0.3326452            -31.64182             26.94993
      0.3334152            -13.31729             27.28510
      0.3341852            -11.59091             27.47958
      0.3349552            0.7290649             27.90986
      0.3357251             3.739990             27.95141
      0.3364951             2.260925             27.83370
      0.3372651            -4.790009             27.63820
      0.3380351            -17.53638             27.41991
      0.3388051             48.60272             29.09992
      0.3395751             23.05090             28.47354
      0.3403450             4.081787             27.98460
      0.3411150             18.67999             28.45252
      0.3418850             18.40179             28.39790
      0.3426549            -2.556366             27.84759
      0.3434249             34.56729             28.82629
      0.3441949             23.49637             28.59473
      0.3449649             2.624542             28.00623
      0.3457349             28.05728             28.56845
      0.3465049             25.02637             28.63705
      0.3472748            -9.050934             27.70378
      0.3480448             17.54272             28.65846
      0.3488148            -18.85455             27.34353
      0.3495848             10.32635             28.27921
      0.3503547            -4.225433             27.90077
      0.3511248             31.82092             28.74892
      0.3518947            -7.879089             28.01791
      0.3526647            -17.82822             27.49564
      0.3534347            -16.39365             27.71885
      0.3542047             3.420929             28.02249
      0.3549746            -12.07822             27.85808
      0.3557446             10.25272             28.57499
      0.3565146             1.385437             28.24230
      0.3572845             49.59729             29.46473
      0.3580546             24.54636             28.79189
      0.3588246            -17.95728             27.94325
      0.3595945            -5.632721             28.22281
      0.3603645             15.30545             28.52371
      0.3611345             15.90363             28.64039
      0.3619044            -10.16910             28.11759
      0.3626744             18.89728             28.77865
      0.3634444            -34.21729             27.25294
      0.3642144             12.54001             28.58192
      0.3649844            -11.39819             27.95952
      0.3657544             15.29272             28.51598
      0.3665243            -9.212738             27.77585
      0.3672943            -21.59457             27.49831
      0.3680643             10.09180             28.43656
      0.3688343            -17.48636             27.56392
      0.3696042            -26.17728             27.46591
      0.3703743             58.54456             29.61899
      0.3711442            -5.000916             28.06353
      0.3719142            -25.64999             27.63626
      0.3726842             23.84000             28.73935
      0.3734542            -20.40091             27.79702
      0.3742241            -14.10727             27.89758
      0.3749941             34.26999             29.15962
      0.3757641            -14.19363             27.93076
      0.3765341             19.17273             28.86220
      0.3773041            -14.79001             28.12451
      0.3780740            -3.701813             28.27196
      0.3788440            -15.37091             28.29357
      0.3796140            -19.09271             28.01483
      0.3803840             2.763641             28.69172
      0.3811539            -6.700012             28.46880
      0.3819239             12.31543             28.92279
      0.3826939            -1.441803             28.63660
      0.3834639             38.19180             29.38951
      0.3842339             4.672729             28.75751
      0.3850039             8.224548             28.86561
      0.3857738             12.30179             28.96459
      0.3865438             24.94635             29.21148
      0.3873138             16.14270             29.13554
      0.3880838            0.6745605             28.96718
      0.3888537             5.952728             28.96200
      0.3896238            -20.10907             28.25993
      0.3903937            -21.78909             28.26916
      0.3911637             11.68091             29.21401
      0.3919337           -0.2882080             28.80935
      0.3927037             14.99908             29.04212
      0.3934736             29.72543             29.42556
      0.3942436            -16.74908             28.34973
      0.3950136             22.11179             29.33459
      0.3957836             3.606354             28.81624
      0.3965536             10.11636             28.88481
      0.3973235           -0.6517944             28.66068
      0.3980935             2.540009             28.74711
      0.3988635            -15.91910             28.38509
      0.3996335            -8.738220             28.59658
      0.4004034             28.51999             29.40304
      0.4011734            -40.31458             27.67026
      0.4019434            -9.670013             28.72847
      0.4027134             29.23273             29.50700
      0.4034834             14.83090             29.35274
      0.4042534            -6.422729             28.72633
      0.4050233            -1.875458             28.80721
      0.4057933             14.09363             29.18715
      0.4065633             42.19543             29.84978
      0.4073333            -9.160004             28.65382
      0.4081032             21.31454             29.18002
      0.4088733             48.19092             30.05706
      0.4096432            -37.24637             27.80225
      0.4104132             48.28543             29.95463
      0.4111832            -39.07001             27.92348
      0.4119532             2.821808             29.16836
      0.4127231            -3.120911             28.93654
      0.4134931            -40.88910             28.06301
      0.4142631             10.95178             29.37301
      0.4150331            -6.057281             28.93314
      0.4158031             6.779083             29.30015
      0.4165730             34.71091             29.78199
      0.4173430            -20.00000             28.59225
      0.4181130             18.49457             29.46042
      0.4188830             26.23636             29.75729
      0.4196529             31.53000             29.97235
      0.4204229             43.03543             29.99895
      0.4211929             24.28906             29.78262
      0.4219629             16.66000             29.53908
      0.4227329             15.45456             29.50678
      0.4235029             3.169983             29.14384
      0.4242728            -21.57822             28.59571
      0.4250428             19.58270             29.64587
      0.4258128           0.06179810             29.04211
      0.4265828             23.08179             29.68815
      0.4273528             8.278198             29.16290
      0.4281228             16.64456             29.52889
      0.4288927             14.08820             29.56749
      0.4296627             19.75726             29.58829
      0.4304327             1.030914             29.04231
      0.4312027             23.26273             29.73711
      0.4319726             51.38818             30.41153
      0.4327426            -24.30728             28.70618
      0.4335126             19.89365             29.53236
      0.4342826             38.22272             30.07066
      0.4350526            -9.874573             28.96542
      0.4358225             34.05270             30.14091
      0.4365925            -12.49908             28.92820
      0.4373625            -13.45273             28.89182
      0.4381325             11.26456             29.32213
      0.4389024             38.29544             30.11080
      0.4396724             17.42999             29.58806
      0.4404424             14.29544             29.49996
      0.4412124             9.099060             29.48201
      0.4419824             13.89819             29.50850
      0.4427524             8.981781             29.43185
      0.4435223             13.47180             29.66239
      0.4442923             33.32181             30.07034
      0.4450623             41.04819             30.14960
      0.4458323            -3.457275             29.18257
      0.4466023            -19.31821             28.78022
      0.4473723             23.61090             29.86332
      0.4481422             11.22455             29.37498
      0.4489122             53.00821             30.37292
      0.4496822             46.06543             30.38780
      0.4504521             63.91544             30.71931
      0.4512221             7.286346             29.63268
      0.4519921             45.54907             30.45115
      0.4527621            -23.56821             28.79873
      0.4535321             18.13818             29.80956
      0.4543021            -23.07364             28.69731
      0.4550720            -11.35635             29.05899
      0.4558420             21.83820             29.81114
      0.4566120             18.56454             29.77412
      0.4573820            -2.192719             29.11646
      0.4581519             22.43634             29.74461
      0.4589219             3.570923             29.48991
      0.4596919             58.22635             30.64831
      0.4604619            -31.08273             28.62778
      0.4612319            -7.979095             29.32143
      0.4620019             8.691803             29.70791
      0.4627718            -16.86456             29.06248
      0.4635418             33.16635             30.34306
      0.4643118             11.39365             29.75059
      0.4650818             22.02271             30.12922
      0.4658518             33.54819             30.25396
      0.4666218             24.82635             29.99298
      0.4673917            -9.575439             29.29389
      0.4681617             39.16180             30.39190
      0.4689317            -19.61728             29.01426
      0.4697016             44.74271             30.51095
      0.4704716            -6.566376             29.29459
      0.4712416            -8.220001             29.32476
      0.4720116            -1.281799             29.57154
      0.4727816             1.687286             29.37901
      0.4735516             60.53271             30.85110
      0.4743215             41.64545             30.44844
      0.4750915            -2.431793             29.51026
      0.4758615             7.104553             29.68417
      0.4766315             18.04727             29.86164
      0.4774014             8.729065             29.75364
      0.4781715            -13.95093             29.09466
      0.4789414             37.72906             30.40932
      0.4797114             25.92545             30.22731
      0.4804814             5.280914             29.66071
      0.4812514             17.96729             30.08083
      0.4820213            -7.249084             29.41619
      0.4827913             9.591797             29.74714
      0.4835613             23.40179             30.35139
      0.4843313             8.236359             29.78765
      0.4851013             36.32455             30.58307
      0.4858713            -4.840912             29.53894
