n0 =          240
     0.02388324             355.7682             34.82927
     0.02465323             363.5500             34.99346
     0.02542320             328.3782             34.32538
     0.02619319             322.0100             34.07674
     0.02696316             339.7236             34.26827
     0.02773315             303.4591             33.43511
     0.02850312             307.8809             33.64894
     0.02927311             326.6427             33.91967
     0.03004308             317.2500             33.57204
     0.03081307             333.7027             33.81684
     0.03158304             278.2482             32.75701
     0.03235303             261.7627             32.33684
     0.03312300             329.8073             33.65151
     0.03389299             307.0745             33.24737
     0.03466296             298.2845             32.98967
     0.03543295             270.4700             32.36214
     0.03620292             263.7791             32.13640
     0.03697290             332.0309             33.43381
     0.03774288             307.5873             33.10695
     0.03851286             355.9673             33.73892
     0.03928284             333.1527             33.50597
     0.04005282             326.6891             33.42764
     0.04082280             342.3954             33.56067
     0.04159278             326.1064             33.35142
     0.04236276             299.7709             32.65836
     0.04313274             330.7709             33.49521
     0.04390272             322.5745             33.33167
     0.04467270             337.7691             33.47964
     0.04544269             279.4645             32.16045
     0.04621266             288.7164             32.48911
     0.04698265             344.5218             33.45246
     0.04775262             318.1973             33.05667
     0.04852261             308.7382             32.72441
     0.04929258             324.7073             33.04798
     0.05006257             322.5791             33.07910
     0.05083254             315.4027             33.16605
     0.05160253             307.3827             33.02631
     0.05237250             305.2173             32.87269
     0.05314249             315.2636             33.03563
     0.05391246             339.5327             33.52412
     0.05468245             322.3473             32.99323
     0.05545242             363.7845             33.94232
     0.05622241             307.2682             32.69637
     0.05699238             346.2882             33.40004
     0.05776237             374.2773             34.14513
     0.05853234             341.3809             33.39330
     0.05930233             305.9282             32.79256
     0.06007230             367.6855             33.96483
     0.06084229             321.4073             33.04159
     0.06161226             339.7737             33.37975
     0.06238224             319.4845             33.18734
     0.06315222             395.4227             34.50642
     0.06392220             322.8091             33.02051
     0.06469218             348.2836             33.52972
     0.06546216             316.6391             32.91650
     0.06623214             360.2064             33.83019
     0.06700212             326.1691             33.09056
     0.06777211             383.3127             34.16912
     0.06854208             372.5136             34.06762
     0.06931207             349.6791             33.50083
     0.07008204             394.4055             34.39951
     0.07085203             337.4827             33.23658
     0.07162200             344.8227             33.34261
     0.07239199             374.6682             33.93597
     0.07316196             422.1936             34.94300
     0.07393195             366.7764             33.73191
     0.07470192             428.0237             35.01015
     0.07547191             376.2000             34.00610
     0.07624188             374.8445             34.05691
     0.07701187             357.0255             33.75597
     0.07778184             416.4273             34.82674
     0.07855183             438.2263             35.21085
     0.07932180             375.5509             34.22633
     0.08009179             417.7318             34.81301
     0.08086176             394.0518             34.46869
     0.08163175             407.0409             34.67315
     0.08240172             417.0564             34.74410
     0.08317171             409.7164             34.69552
     0.08394168             449.1536             35.44830
     0.08471167             414.2573             34.88400
     0.08548164             450.4427             35.34870
     0.08625162             412.7827             34.75154
     0.08702160             365.4273             33.90419
     0.08779158             417.4073             34.84593
     0.08856156             415.9527             34.86988
     0.08933155             396.1582             34.42704
     0.09010153             430.9682             35.05076
     0.09087150             426.1227             34.93478
     0.09164147             424.7873             35.05979
     0.09241147             440.3036             35.11042
     0.09318145             407.1073             34.58706
     0.09395142             388.5555             34.34666
     0.09472139             411.2263             34.71388
     0.09549139             363.4227             33.80217
     0.09626137             400.4845             34.71682
     0.09703134             337.6655             33.34114
     0.09780131             398.2327             34.48216
     0.09857132             370.6655             34.14334
     0.09934129             403.0982             34.65053
      0.1001113             318.3036             33.06860
      0.1008812             387.7255             34.22394
      0.1016512             394.7364             34.41933
      0.1024212             341.3654             33.42033
      0.1031912             354.3545             33.57327
      0.1039612             303.6945             32.44573
      0.1047312             364.9000             33.81069
      0.1055011             336.0191             33.36738
      0.1062711             394.8755             34.41740
      0.1070411             342.7627             33.46851
      0.1078111             357.3300             33.74618
      0.1085811             352.4800             33.61571
      0.1093510             327.8927             33.26680
      0.1101210             295.6964             32.69480
      0.1108910             331.0673             33.38366
      0.1116610             397.5882             34.49271
      0.1124309             315.5109             32.85036
      0.1132009             274.6809             32.19616
      0.1139709             356.0100             33.69069
      0.1147409             344.1227             33.40665
      0.1155109             328.2863             33.17893
      0.1162808             378.6682             34.09647
      0.1170508             286.7009             32.28143
      0.1178208             279.5618             32.10902
      0.1185908             365.6236             33.89812
      0.1193608             308.5882             32.68312
      0.1201307             319.2836             33.06584
      0.1209007             319.9636             33.27534
      0.1216707             314.8709             32.99251
      0.1224407             337.4491             33.35662
      0.1232107             299.9854             32.73356
      0.1239807             340.4091             33.46076
      0.1247506             283.0891             32.26130
      0.1255206             321.8973             33.00692
      0.1262906             277.6500             32.26652
      0.1270606             274.9500             32.23289
      0.1278306             288.1709             32.48248
      0.1286005             310.7118             32.82391
      0.1293705             239.0627             31.45617
      0.1301405             327.9345             33.33579
      0.1309105             260.9964             32.07467
      0.1316804             301.0627             32.60118
      0.1324504             304.1400             32.65094
      0.1332204             314.4182             32.93934
      0.1339904             289.1291             32.49394
      0.1347604             294.2991             32.58070
      0.1355303             266.8091             31.87586
      0.1363003             245.2064             31.57388
      0.1370703             287.5527             32.35142
      0.1378403             257.8709             31.72029
      0.1386103             235.9218             31.37626
      0.1393802             264.8600             32.01234
      0.1401502             278.1800             32.17529
      0.1409202             242.4736             31.55524
      0.1416902             241.0255             31.12500
      0.1424602             234.3455             31.23396
      0.1432302             299.7473             32.68805
      0.1440001             286.7627             32.36660
      0.1447701             230.7582             31.24424
      0.1455401             238.8354             31.38333
      0.1463101             254.7445             31.82573
      0.1470800             236.6164             31.47323
      0.1478500             231.9254             31.45057
      0.1486200             255.4618             31.95267
      0.1493900             294.3073             32.72804
      0.1501600             251.4109             31.86815
      0.1509299             256.7773             31.97622
      0.1516999             236.9473             31.50922
      0.1524699             212.6318             30.99527
      0.1532399             210.9873             30.92385
      0.1540099             223.1418             31.24201
      0.1547798             199.3473             30.72247
      0.1555498             214.8418             30.94544
      0.1563198             226.5791             31.09362
      0.1570898             239.8882             31.53618
      0.1578598             190.6873             30.50219
      0.1586298             254.9236             31.69774
      0.1593997             196.5618             30.50063
      0.1601697             228.6855             31.22693
      0.1609397             210.9591             30.82858
      0.1617097             203.2173             30.71238
      0.1624797             180.6145             30.11671
      0.1632496             213.6100             30.81953
      0.1640196             201.4355             30.67255
      0.1647896             184.4664             30.30280
      0.1655596             202.5854             30.88524
      0.1663295             205.8791             30.94410
      0.1670995             180.7927             30.35564
      0.1678695             175.3555             30.36059
      0.1686395             185.6027             30.47167
      0.1694095             200.7991             30.89428
      0.1701794             172.5564             30.15172
      0.1709494             176.0245             30.37428
      0.1717194             192.8082             30.63275
      0.1724894             180.2100             30.22801
      0.1732594             126.6736             29.13949
      0.1740293             156.4045             29.75705
      0.1747993             183.0600             30.28544
      0.1755693             147.7863             29.60073
      0.1763393             131.3336             29.27423
      0.1771093             132.9582             29.22678
      0.1778793             96.86090             28.32442
      0.1786492             98.14999             28.64189
      0.1794192             128.6664             29.31656
      0.1801892             101.1454             28.81379
      0.1809592             130.5582             29.38722
      0.1817292             125.3373             29.38907
      0.1824991             106.6064             28.92350
      0.1832691             75.38998             28.18338
      0.1840391             122.2509             29.17487
      0.1848091             158.5136             30.13951
      0.1855790             112.5645             29.02945
      0.1863490             118.7964             29.15231
      0.1871190             136.6109             29.64754
      0.1878890             128.7700             29.35665
      0.1886590             127.6727             29.46009
      0.1894289             111.5136             28.88648
      0.1901989             122.4936             29.36099
      0.1909689             82.38547             28.39812
      0.1917389             65.83817             27.79551
      0.1925089             100.5445             28.79511
      0.1932788             96.30182             28.82924
      0.1940488             117.2045             29.29296
      0.1948188             90.73001             28.52872
      0.1955888             65.41000             27.78619
      0.1963588             71.20453             28.08756
      0.1971288             52.91089             27.61743
      0.1978987             92.52908             28.57278
      0.1986687             105.8691             28.87731
      0.1994387             48.73001             27.45206
      0.2002087             44.03000             27.44447
      0.2009787             37.36545             27.33350
      0.2017486             19.90634             26.91230
      0.2025186             57.35001             27.85914
      0.2032886             29.45819             27.08158
      0.2040586             48.19547             27.64548
      0.2048285             49.02090             27.69754
      0.2055985             23.01001             26.83734
      0.2063685             38.90182             27.38440
      0.2071385             84.95273             28.41191
      0.2079085             58.10272             27.78432
      0.2086784             31.41180             27.28053
      0.2094484             52.72089             27.59122
      0.2102184             33.68542             27.31291
      0.2109884             51.57727             27.60643
      0.2117584             16.86636             26.89922
      0.2125283             56.83545             27.85777
      0.2132983             33.98999             27.28059
      0.2140683             55.73819             27.85215
      0.2148383             33.72726             27.29557
      0.2156083             19.24820             26.92333
      0.2163783             25.37634             26.97774
      0.2171482            -3.299072             26.36826
      0.2179182             26.04089             27.08295
      0.2186882            -17.71182             25.81401
      0.2194582            -2.387299             26.23927
      0.2202282            -7.351837             26.04304
      0.2209981             8.844543             26.53683
      0.2217681             34.11182             27.16245
      0.2225381             16.06088             26.72519
      0.2233081             16.71637             26.79078
      0.2240780             18.50000             26.74466
      0.2248480             18.29907             26.89364
      0.2256180             32.09363             27.18537
      0.2263880             45.74908             27.79459
      0.2271580             35.97635             27.50847
      0.2279279             19.05365             26.95280
      0.2286979             27.29181             27.17488
      0.2294679             9.539063             26.86701
      0.2302379            -4.549072             26.48584
      0.2310079            -2.992737             26.44777
      0.2317779             29.76001             27.22122
      0.2325478            0.4927063             26.61639
      0.2333178             34.90543             27.42954
      0.2340878             16.57455             26.73751
      0.2348578             5.656342             26.69780
      0.2356278            -14.61273             26.14330
      0.2363977             1.058197             26.60565
      0.2371677             30.45999             27.24628
      0.2379377             4.976349             26.50657
      0.2387077             9.658203             26.77962
      0.2394776            -10.94455             26.10220
      0.2402476            -19.24908             26.13962
      0.2410176            -8.796356             26.30043
      0.2417876             20.68271             27.19762
      0.2425576           -0.5336304             26.57242
      0.2433275             23.88998             27.31746
      0.2440975             13.14365             26.96629
      0.2448675             48.19455             27.74372
      0.2456375            -3.739075             26.37715
      0.2464075             15.96729             26.87404
      0.2471774             14.04456             27.07323
      0.2479474             11.23001             26.87306
      0.2487174            -3.198212             26.41849
      0.2494874             18.59634             26.93672
      0.2502574            -13.02179             26.41240
      0.2510273             18.48364             27.14058
      0.2517973             27.27179             27.39801
      0.2525673             24.72635             27.20691
      0.2533373             12.43729             26.99778
      0.2541073             11.63364             26.92720
      0.2548773             26.46820             27.24377
      0.2556472            -12.47000             26.31620
      0.2564172            -15.87180             26.39102
      0.2571872             54.61819             27.89664
      0.2579572             17.61819             27.06052
      0.2587271             15.26273             27.10730
      0.2594971             43.68637             27.84402
      0.2602671            -17.30908             26.33998
      0.2610371             32.75272             27.49788
      0.2618071            -7.499084             26.54945
      0.2625771            -5.607269             26.57496
      0.2633470             24.29544             27.48399
      0.2641170             5.851807             26.77949
      0.2648870            -1.364563             26.86555
      0.2656569            -8.410919             26.51052
      0.2664269             24.22272             27.30492
      0.2671970            -1.230011             26.89741
      0.2679669             44.26001             27.85167
      0.2687369             11.39456             27.23966
      0.2695069             9.672729             27.01642
      0.2702768            -19.56363             26.25853
      0.2710468            -5.815430             26.88008
      0.2718168          -0.04272461             27.00085
      0.2725868             28.35001             27.60347
      0.2733568             5.690002             27.14724
      0.2741268             11.63907             27.33929
      0.2748967             26.58365             27.73384
      0.2756667            -25.97272             26.35195
      0.2764367            -2.056366             26.99794
      0.2772067             25.20178             27.68523
      0.2779766            -17.75180             26.56228
      0.2787466            -4.297272             27.06155
      0.2795166            -10.60635             26.94518
      0.2802866            -11.58002             26.64046
      0.2810566             19.07999             27.59098
      0.2818266             32.12634             27.95631
      0.2825965             48.49271             28.57262
      0.2833665             10.78635             27.44020
      0.2841365             8.373627             27.41593
      0.2849064            -14.89819             26.85364
      0.2856764             29.08636             27.90573
      0.2864465             25.94272             27.93055
      0.2872164             16.40634             27.67138
      0.2879864            -6.748199             27.08669
      0.2887564             28.33365             27.99000
      0.2895263             16.26093             27.54205
      0.2902963            0.6472778             27.30184
      0.2910663             2.172729             27.33676
      0.2918363             12.00272             27.48402
      0.2926063             32.09543             27.89577
      0.2933763             2.280914             27.13681
      0.2941462            -5.975433             26.96589
      0.2949162            -36.37729             26.22387
      0.2956862            0.1018066             27.25557
      0.2964562             16.27179             27.64237
      0.2972261            -2.887299             27.20365
      0.2979961             31.28906             28.28284
      0.2987661             4.099091             27.58066
      0.2995361             16.66635             27.81784
      0.3003061            -2.647278             27.28407
      0.3010761             1.074554             27.45069
      0.3018460             8.893646             27.71069
      0.3026160             7.867279             27.57144
      0.3033860             19.94907             27.81927
      0.3041559            -3.070923             27.43415
      0.3049260            -5.925446             27.26463
      0.3056960           -0.4045715             27.31379
      0.3064659             10.84271             27.74377
      0.3072359            -6.177277             27.27422
      0.3080059             16.41635             28.03691
      0.3087758             19.34363             28.11016
      0.3095458            -1.991791             27.45517
      0.3103158             4.193634             27.60547
      0.3110858            -4.018219             27.43329
      0.3118558             10.02365             27.83157
      0.3126258             31.44543             28.23722
      0.3133957             30.87820             28.09807
      0.3141657             15.17178             27.64850
      0.3149357            -20.30728             26.82272
      0.3157057             16.05908             27.92220
      0.3164756             11.90457             27.69489
      0.3172456             28.42999             28.23472
      0.3180156             33.19363             28.30224
      0.3187856             1.385437             27.63546
      0.3195556             19.05637             28.19206
      0.3203256             22.77820             28.25090
      0.3210955             32.97455             28.34801
      0.3218655            -40.70093             26.53732
      0.3226355             13.05179             27.96176
      0.3234054             3.360931             27.73038
      0.3241755            -21.54181             27.07858
      0.3249454             2.859985             27.63640
      0.3257154            -1.195435             27.59249
      0.3264854             7.588196             27.80701
      0.3272554             22.80457             28.20428
      0.3280253             31.83545             28.41203
      0.3287953             17.80457             28.10490
      0.3295653            -6.608215             27.58077
      0.3303353             21.58820             28.19379
      0.3311053             53.81091             28.98921
      0.3318753            -12.25543             27.41900
      0.3326452            -5.641815             27.62770
      0.3334152             62.68271             29.16152
      0.3341852             28.40909             28.48749
      0.3349552             6.729065             28.06178
      0.3357251             3.739990             27.95141
      0.3364951             7.260925             27.95989
      0.3372651             47.20999             28.92289
      0.3380351             4.463623             27.98131
      0.3388051             7.602722             28.09753
      0.3395751             59.05090             29.34076
      0.3403450            -5.918213             27.73109
      0.3411150             10.67999             28.25376
      0.3418850             5.401794             28.07390
      0.3426549             41.44363             28.93316
      0.3434249             21.56729             28.50892
      0.3441949             11.49637             28.29877
      0.3449649             34.62454             28.79560
      0.3457349             9.057281             28.09954
      0.3465049             8.026367             28.21647
      0.3472748            -17.05093             27.49831
      0.3480448             23.54272             28.80590
      0.3488148             6.145447             27.97944
      0.3495848            -20.67365             27.49266
      0.3503547            -12.22543             27.69691
      0.3511248             24.82092             28.57844
      0.3518947            -11.87909             27.91598
      0.3526647            -2.828217             27.87864
      0.3534347            0.6063538             28.15012
      0.3542047            -18.57907             27.46471
      0.3549746             11.92178             28.45965
      0.3557446            -30.74728             27.53590
      0.3565146             16.38544             28.61431
      0.3572845            -2.402710             28.19847
      0.3580546             2.546356             28.25057
      0.3588246             16.04272             28.79238
      0.3595945             21.36728             28.89002
      0.3603645            -1.694550             28.10313
      0.3611345             18.90363             28.71362
      0.3619044             7.830902             28.56762
      0.3626744            -6.102722             28.15859
      0.3634444             13.78271             28.47194
      0.3642144             3.540009             28.35845
      0.3649844             36.60181             29.14530
      0.3657544            -13.70728             27.78950
      0.3665243             54.78726             29.33842
      0.3672943             13.40543             28.38185
      0.3680643             37.09180             29.09420
      0.3688343             36.51364             28.90465
      0.3696042             1.822723             28.18047
      0.3703743            -7.455444             28.01134
      0.3711442             25.99908             28.83056
      0.3719142            -7.649994             28.09678
      0.3726842             50.84000             29.38559
      0.3734542            -18.40091             27.84818
      0.3742241             13.89273             28.59681
      0.3749941             15.26999             28.70012
      0.3757641             46.80637             29.42088
      0.3765341           -0.8272705             28.37009
      0.3773041             2.209991             28.54980
      0.3780740            -15.70181             27.97082
      0.3788440             13.62909             29.01198
      0.3796140             17.90729             28.93151
      0.3803840             19.76364             29.10625
      0.3811539            0.2999878             28.64240
      0.3819239            -4.684570             28.50476
      0.3826939             41.55820             29.67315
      0.3834639             26.19180             29.10412
      0.3842339             13.67273             28.97670
      0.3850039             33.22455             29.46604
      0.3857738             16.30179             29.06137
      0.3865438             15.94635             28.99535
      0.3873138            0.1427002             28.74609
      0.3880838            -10.32544             28.69571
      0.3888537             20.95273             29.32433
      0.3896238            -7.109070             28.58434
      0.3903937             25.21091             29.41972
      0.3911637             10.68091             29.18986
      0.3919337             20.71179             29.31722
      0.3927037             29.99908             29.40070
      0.3934736             50.72543             29.91811
      0.3942436            -17.74908             28.32462
      0.3950136             19.11179             29.26263
      0.3957836             6.606354             28.88956
      0.3965536             27.11636             29.29403
      0.3973235             15.34821             29.05105
      0.3980935            -2.459991             28.62431
      0.3988635             4.080902             28.88020
      0.3996335             48.26178             29.96457
      0.4004034            -18.48001             28.25659
      0.4011734            -36.31458             27.77313
      0.4019434             21.32999             29.48268
      0.4027134             12.23273             29.10106
      0.4034834             24.83090             29.59165
      0.4042534             43.57727             29.92548
      0.4050233             60.12454             30.27435
      0.4057933             34.09363             29.66283
      0.4065633             8.195435             29.04011
      0.4073333             28.84000             29.57460
      0.4081032            -20.68546             28.15132
      0.4088733            -11.80908             28.61781
      0.4096432             5.753632             28.87429
      0.4104132            -6.714569             28.64372
      0.4111832             23.92999             29.47557
      0.4119532             25.82181             29.72011
      0.4127231            -13.12091             28.69051
      0.4134931             27.11090             29.73543
      0.4142631             13.95178             29.44497
      0.4150331            -14.05728             28.73655
      0.4158031            -5.220917             29.00978
      0.4165730            -28.28909             28.25746
      0.4173430            -4.000000             28.98592
      0.4181130            -3.505432             28.93114
      0.4188830             20.23636             29.61539
      0.4196529            -13.47000             28.89008
      0.4204229             31.03543             29.71950
      0.4211929             23.28906             29.75904
      0.4219629             28.66000             29.82256
      0.4227329             37.45456             30.02364
      0.4235029             6.169983             29.21622
      0.4242728             13.42178             29.45032
      0.4250428             8.582703             29.38351
      0.4258128             16.06180             29.42658
      0.4265828           -0.9182129             29.11274
      0.4273528             3.278198             29.04241
      0.4281228             28.64456             29.81237
      0.4288927            -5.911804             29.08521
      0.4296627             10.75726             29.37364
      0.4304327             27.03091             29.66283
      0.4312027            -2.737274             29.11374
      0.4319726            -1.611816             29.16523
      0.4327426            -21.30728             28.78067
      0.4335126             23.89365             29.62664
      0.4342826             10.22272             29.41134
      0.4350526             15.12543             29.56794
      0.4358225             19.05270             29.78871
      0.4365925             59.50092             30.62662
      0.4373625            -5.452728             29.08770
      0.4381325            -6.735443             28.88809
      0.4389024             12.29544             29.49994
      0.4396724             21.42999             29.68255
      0.4404424            -8.704559             28.94566
      0.4412124             30.09906             29.97895
      0.4419824            -23.10181             28.60825
      0.4427524            -33.01822             28.40315
      0.4435223             42.47180             30.34039
      0.4442923             11.32181             29.55234
      0.4450623             48.04819             30.31062
      0.4458323             42.54272             30.27079
      0.4466023            -9.318207             29.02626
      0.4473723             3.610901             29.38818
      0.4481422            -1.775452             29.06314
      0.4489122             11.00821             29.39566
      0.4496822             47.06543             30.41068
      0.4504521             34.91544             30.05706
      0.4512221             14.28635             29.79945
      0.4519921            -8.450928             29.17494
      0.4527621           -0.5682068             29.36026
      0.4535321            -1.861816             29.33279
      0.4543021            -15.07364             28.89438
      0.4550720            -10.35635             29.08334
      0.4558420             41.83820             30.27641
      0.4566120             23.56454             29.89191
      0.4573820             24.80728             29.75903
      0.4581519            -7.563660             29.02777
      0.4589219             37.57092             30.28967
      0.4596919            -4.773651             29.17795
      0.4604619             3.917267             29.48239
      0.4612319            -7.979095             29.32143
      0.4620019             33.69180             30.29301
      0.4627718             48.13544             30.59299
      0.4635418             8.166351             29.75796
      0.4643118             51.39365             30.67530
      0.4650818             35.02271             30.43049
      0.4658518             54.54819             30.73299
      0.4666218             11.82635             29.68808
      0.4673917             32.42456             30.28632
      0.4681617             37.16180             30.34602
      0.4689317             37.38272             30.36674
      0.4697016             13.74271             29.79089
      0.4704716            -10.56638             29.19769
      0.4712416             12.78000             29.82622
      0.4720116             23.71820             30.16249
      0.4727816            -5.312714             29.21110
      0.4735516             10.53271             29.69998
      0.4743215             7.645447             29.65568
      0.4750915            -5.431793             29.43805
      0.4758615            -18.89545             29.05718
      0.4766315             13.04727             29.74385
      0.4774014             14.72906             29.89522
      0.4781715             26.04907             30.04406
      0.4789414             18.72906             29.96898
      0.4797114            -29.07455             28.91040
      0.4804814             33.28091             30.31568
      0.4812514             12.96729             29.96356
      0.4820213            -15.24908             29.22284
      0.4827913             11.59180             29.79422
      0.4835613            -17.59821             29.37880
      0.4843313             6.236359             29.74041
      0.4851013            -3.675446             29.64831
      0.4858713             4.159088             29.75335
