n0 =          240
     0.02388324             288.7682             33.55954
     0.02465323             250.5500             32.82250
     0.02542320             318.3782             34.13531
     0.02619319             213.0100             31.90769
     0.02696316             267.7236             32.87069
     0.02773315             290.4591             33.18103
     0.02850312             246.8809             32.43680
     0.02927311             282.6427             33.06255
     0.03004308             251.2500             32.26410
     0.03081307             249.7027             32.15963
     0.03158304             280.2482             32.79688
     0.03235303             265.7627             32.41768
     0.03312300             250.8073             32.08386
     0.03389299             250.0745             32.10478
     0.03466296             260.2845             32.22713
     0.03543295             255.4700             32.05709
     0.03620292             290.7791             32.67926
     0.03697290             273.0309             32.26968
     0.03774288             266.5873             32.28782
     0.03851286             247.9673             31.60080
     0.03928284             309.1527             33.03814
     0.04005282             233.6891             31.55505
     0.04082280             265.3954             32.03992
     0.04159278             269.1064             32.21970
     0.04236276             283.7709             32.33912
     0.04313274             286.7709             32.62883
     0.04390272             323.5745             33.35116
     0.04467270             310.7691             32.95313
     0.04544269             292.4645             32.42182
     0.04621266             293.7164             32.58931
     0.04698265             311.5218             32.81088
     0.04775262             312.1973             32.93891
     0.04852261             349.7382             33.52096
     0.04929258             279.7073             32.15530
     0.05006257             286.5791             32.36696
     0.05083254             312.4027             33.10706
     0.05160253             341.3827             33.68909
     0.05237250             301.2173             32.79338
     0.05314249             316.2636             33.05527
     0.05391246             321.5327             33.17511
     0.05468245             296.3473             32.48093
     0.05545242             330.7845             33.30976
     0.05622241             370.2682             33.91321
     0.05699238             332.2882             33.12961
     0.05776237             356.2773             33.80373
     0.05853234             353.3809             33.62373
     0.05930233             330.9282             33.28268
     0.06007230             322.6855             33.09964
     0.06084229             344.4073             33.48772
     0.06161226             394.7737             34.41972
     0.06238224             361.4845             33.99753
     0.06315222             313.4227             32.94033
     0.06392220             356.8091             33.67684
     0.06469218             367.2836             33.89151
     0.06546216             285.6391             32.30014
     0.06623214             343.2064             33.50506
     0.06700212             288.1691             32.33767
     0.06777211             296.3127             32.48579
     0.06854208             355.5136             33.74461
     0.06931207             331.6791             33.15313
     0.07008204             376.4055             34.06268
     0.07085203             354.4827             33.56387
     0.07162200             345.8227             33.36188
     0.07239199             329.6682             33.07333
     0.07316196             350.1936             33.59531
     0.07393195             409.7764             34.53522
     0.07470192             402.0237             34.53320
     0.07547191             407.2000             34.58318
     0.07624188             325.8445             33.11757
     0.07701187             334.0255             33.31382
     0.07778184             312.4273             32.85288
     0.07855183             373.2263             34.01300
     0.07932180             377.5509             34.26394
     0.08009179             345.7318             33.46437
     0.08086176             355.0518             33.73499
     0.08163175             368.0409             33.94561
     0.08240172             300.0564             32.51423
     0.08317171             405.7164             34.62194
     0.08394168             313.1536             32.89518
     0.08471167             369.2573             34.04683
     0.08548164             338.4427             33.26736
     0.08625162             359.7827             33.76136
     0.08702160             352.4273             33.65665
     0.08779158             353.4073             33.65057
     0.08856156             405.9527             34.68620
     0.08933155             358.1582             33.71191
     0.09010153             373.9682             33.99753
     0.09087150             382.1227             34.12265
     0.09164147             384.7873             34.32151
     0.09241147             363.3036             33.68741
     0.09318145             392.1073             34.30938
     0.09395142             359.5555             33.79995
     0.09472139             377.2263             34.08247
     0.09549139             343.4227             33.42008
     0.09626137             372.4845             34.19432
     0.09703134             370.6655             33.97093
     0.09780131             379.2327             34.12848
     0.09857132             399.6655             34.68469
     0.09934129             351.0982             33.67392
      0.1001113             384.3036             34.33261
      0.1008812             346.7255             33.44709
      0.1016512             364.7364             33.85636
      0.1024212             342.3654             33.43961
      0.1031912             309.3545             32.69832
      0.1039612             386.6945             34.04442
      0.1047312             329.9000             33.13730
      0.1055011             315.0191             32.95694
      0.1062711             299.8755             32.59138
      0.1070411             350.7627             33.62213
      0.1078111             349.3300             33.59334
      0.1085811             323.4800             33.05570
      0.1093510             326.8927             33.24734
      0.1101210             318.6964             33.14957
      0.1108910             347.0673             33.69250
      0.1116610             323.5882             33.08670
      0.1124309             351.5109             33.54790
      0.1132009             283.6809             32.37814
      0.1139709             288.0100             32.35971
      0.1147409             357.1227             33.65583
      0.1155109             336.2863             33.33463
      0.1162808             344.6682             33.44924
      0.1170508             330.7009             33.15118
      0.1178208             341.5618             33.33285
      0.1185908             344.6236             33.49737
      0.1193608             309.5882             32.70286
      0.1201307             295.2836             32.59111
      0.1209007             326.9636             33.41216
      0.1216707             293.8709             32.57597
      0.1224407             302.4491             32.67147
      0.1232107             333.9854             33.40041
      0.1239807             309.4091             32.85715
      0.1247506             265.0891             31.89630
      0.1255206             289.8973             32.37342
      0.1262906             294.6500             32.60831
      0.1270606             315.9500             33.05006
      0.1278306             291.1709             32.54260
      0.1286005             287.7118             32.36626
      0.1293705             274.0627             32.17702
      0.1301405             319.9345             33.17986
      0.1309105             297.9964             32.82166
      0.1316804             286.0627             32.30153
      0.1324504             315.1400             32.86792
      0.1332204             292.4182             32.50315
      0.1339904             342.1291             33.53558
      0.1347604             279.2991             32.27911
      0.1355303             289.8091             32.34169
      0.1363003             239.2064             31.44866
      0.1370703             297.5527             32.55126
      0.1378403             259.8709             31.76146
      0.1386103             270.9218             32.10081
      0.1393802             310.8600             32.93769
      0.1401502             276.1800             32.13474
      0.1409202             326.4736             33.24983
      0.1416902             303.0255             32.38784
      0.1424602             290.3455             32.38313
      0.1432302             270.7473             32.10403
      0.1440001             250.7627             31.63167
      0.1447701             345.7582             33.55505
      0.1455401             262.8354             31.88034
      0.1463101             252.7445             31.78452
      0.1470800             295.6164             32.67542
      0.1478500             256.9254             31.96941
      0.1486200             269.4618             32.23868
      0.1493900             246.3073             31.75372
      0.1501600             239.4109             31.61965
      0.1509299             228.7773             31.39536
      0.1516999             194.9473             30.61685
      0.1524699             247.6318             31.73061
      0.1532399             240.9873             31.55664
      0.1540099             213.1418             31.02958
      0.1547798             241.3473             31.61403
      0.1555498             271.8418             32.13176
      0.1563198             244.5791             31.47060
      0.1570898             229.8882             31.32657
      0.1578598             231.6873             31.38007
      0.1586298             254.9236             31.69774
      0.1593997             244.5618             31.52238
      0.1601697             232.6855             31.31130
      0.1609397             245.9591             31.56785
      0.1617097             214.2173             30.94873
      0.1624797             214.6145             30.85455
      0.1632496             222.6100             31.01097
      0.1640196             263.4355             31.97377
      0.1647896             196.4664             30.56442
      0.1655596             197.5854             30.77731
      0.1663295             286.8791             32.62318
      0.1670995             243.7927             31.69874
      0.1678695             156.3555             29.93804
      0.1686395             193.6027             30.64558
      0.1694095             214.7991             31.19331
      0.1701794             208.5564             30.93370
      0.1709494             182.0245             30.50622
      0.1717194             201.8082             30.82722
      0.1724894             183.2100             30.29383
      0.1732594             210.6736             31.00823
      0.1740293             160.4045             29.84703
      0.1747993             176.0600             30.13144
      0.1755693             163.7863             29.96141
      0.1763393             164.3336             30.02318
      0.1771093             170.9582             30.08440
      0.1778793             184.8609             30.33275
      0.1786492             146.1500             29.75764
      0.1794192             189.6664             30.67915
      0.1801892             166.1454             30.30508
      0.1809592             150.5582             29.84226
      0.1817292             150.3373             29.95877
      0.1824991             127.6064             29.41177
      0.1832691             136.3900             29.61959
      0.1840391             108.2509             28.84884
      0.1848091             152.5136             30.00548
      0.1855790             139.5645             29.65189
      0.1863490             133.7964             29.49809
      0.1871190             109.6109             29.02310
      0.1878890             146.7700             29.76703
      0.1886590             142.6727             29.80261
      0.1894289             113.5136             28.93321
      0.1901989             109.4936             29.05874
      0.1909689             100.3855             28.82818
      0.1917389             146.8382             29.70345
      0.1925089             146.5445             29.85747
      0.1932788             88.30182             28.63789
      0.1940488             93.20453             28.72785
      0.1948188             106.7300             28.90840
      0.1955888             70.41000             27.90928
      0.1963588             131.2045             29.50731
      0.1971288             97.91089             28.71375
      0.1978987             92.52908             28.57278
      0.1986687             102.8691             28.80656
      0.1994387             113.7300             29.02692
      0.2002087             93.03000             28.64693
      0.2009787             45.36545             27.53631
      0.2017486             104.9063             29.01535
      0.2025186             86.35001             28.56720
      0.2032886             76.45819             28.25636
      0.2040586             110.1955             29.14667
      0.2048285             93.02090             28.77140
      0.2055985             91.01001             28.52830
      0.2063685             77.90182             28.35185
      0.2071385             105.9527             28.91110
      0.2079085             77.10272             28.25040
      0.2086784             63.41180             28.08574
      0.2094484             75.72089             28.15818
      0.2102184             98.68542             28.91046
      0.2109884             88.57727             28.51098
      0.2117584             80.86636             28.50453
      0.2125283             40.83545             27.45675
      0.2132983             64.98999             28.05720
      0.2140683             73.73819             28.29397
      0.2148383             28.72726             27.16741
      0.2156083             50.24820             27.71395
      0.2163783             110.3763             29.06294
      0.2171482             84.70093             28.60274
      0.2179182             40.04089             27.44159
      0.2186882             49.28818             27.57297
      0.2194582             73.61270             28.18338
      0.2202282             43.64816             27.37951
      0.2209981             65.84454             27.99127
      0.2217681             42.11182             27.36658
      0.2225381             46.06088             27.49686
      0.2233081             20.71637             26.89518
      0.2240780             27.50000             26.97813
      0.2248480            -1.700928             26.36434
      0.2256180             14.09363             26.71933
      0.2263880             36.74908             27.56745
      0.2271580             16.97635             27.02013
      0.2279279             48.05365             27.69144
      0.2286979             6.291809             26.62933
      0.2294679           -0.4609375             26.60275
      0.2302379             39.45093             27.63007
      0.2310079             77.00726             28.47854
      0.2317779             19.76001             26.96370
      0.2325478             37.49271             27.57522
      0.2333178             58.90543             28.02886
      0.2340878             52.57455             27.65275
      0.2348578             22.65634             27.14243
      0.2356278             29.38727             27.30822
      0.2363977             66.05820             28.26456
      0.2371677             35.45999             27.37394
      0.2379377             18.97635             26.87349
      0.2387077             29.65820             27.29675
      0.2394776             50.05545             27.67958
      0.2402476             28.75092             27.40700
      0.2410176             55.20364             27.95220
      0.2417876             11.68271             26.96319
      0.2425576             49.46637             27.86069
      0.2433275             25.88998             27.36883
      0.2440975             17.14365             27.07013
      0.2448675             24.19455             27.13679
      0.2456375             27.26093             27.18809
      0.2464075             10.96729             26.74363
      0.2471774             38.04456             27.68890
      0.2479474             32.23001             27.41497
      0.2487174             19.80179             27.02341
      0.2494874             18.59634             26.93672
      0.2502574             10.97821             27.05028
      0.2510273            -5.516357             26.50979
      0.2517973             30.27179             27.47461
      0.2525673            -1.273651             26.52913
      0.2533373             38.43729             27.66389
      0.2541073             16.63364             27.05708
      0.2548773             3.468201             26.64625
      0.2556472             22.53000             27.23816
      0.2564172             26.12820             27.49675
      0.2571872             13.61819             26.85889
      0.2579572             5.618195             26.74774
      0.2587271             38.26273             27.69461
      0.2594971             56.68637             28.16564
      0.2602671            -39.30908             25.73344
      0.2610371            -5.247284             26.51113
      0.2618071             54.50092             28.13686
      0.2625771             10.39273             26.99604
      0.2633470             29.29544             27.61116
      0.2641170             13.85181             26.98772
      0.2648870             11.63544             27.20602
      0.2656569            -8.410919             26.51052
      0.2664269            -3.777283             26.57598
      0.2671970             6.769989             27.10736
      0.2679669             22.26001             27.29744
      0.2687369             49.39456             28.19958
      0.2695069             12.67273             27.09414
      0.2702768            -26.56363             26.06857
      0.2710468             52.18457             28.35527
      0.2718168            -3.042725             26.92196
      0.2725868             12.35001             27.19573
      0.2733568            -20.31000             26.45909
      0.2741268             11.63907             27.33929
      0.2748967            -2.416351             26.98938
      0.2756667             15.02728             27.42909
      0.2764367            -24.05637             26.41240
      0.2772067             34.20178             27.91122
      0.2779766             29.24820             27.78049
      0.2787466            -8.297272             26.95643
      0.2795166             18.39365             27.69660
      0.2802866             14.41998             27.31549
      0.2810566             6.079987             27.25862
      0.2818266            -2.873657             27.06361
      0.2825965             1.492706             27.39044
      0.2833665            -11.21365             26.86827
      0.2841365             33.37363             28.04857
      0.2849064             5.101807             27.37568
      0.2856764             27.08636             27.85573
      0.2864465             28.94272             28.00550
      0.2872164             16.40634             27.67138
      0.2879864             23.25180             27.85531
      0.2887564             6.333649             27.43222
      0.2895263             33.26093             27.96948
      0.2902963             11.64728             27.58530
      0.2910663             18.17273             27.74718
      0.2918363            -25.99728             26.48644
      0.2926063             14.09543             27.44175
      0.2933763             31.28091             27.87449
      0.2941462             17.02457             27.55785
      0.2949162             38.62271             28.16670
      0.2956862             24.10181             27.86802
      0.2964562            -3.728210             27.12799
      0.2972261             20.11270             27.79250
      0.2979961             15.28906             27.88181
      0.2987661             25.09909             28.11205
      0.2995361             2.666351             27.46154
      0.3003061             16.35272             27.76859
      0.3010761             8.074554             27.62965
      0.3018460            -1.106354             27.45453
      0.3026160             3.867279             27.46911
      0.3033860            -4.050934             27.20602
      0.3041559            -11.07092             27.22592
      0.3049260            -2.925446             27.34225
      0.3056960             12.59543             27.64529
      0.3064659             3.842712             27.56551
      0.3072359             17.82272             27.88587
      0.3080059             8.416351             27.83513
      0.3087758             27.34363             28.30941
      0.3095458            -1.991791             27.45517
      0.3103158             2.193634             27.55431
      0.3110858            -26.01822             26.85588
      0.3118558             22.02365             28.13347
      0.3126258             15.44543             27.83770
      0.3133957             9.878204             27.57137
      0.3141657            -2.828217             27.18859
      0.3149357             29.69272             28.10251
      0.3157057             28.05908             28.22220
      0.3164756             13.90457             27.74547
      0.3172456             59.42999             28.98983
      0.3180156           -0.8063660             27.44668
      0.3187856             42.38544             28.65761
      0.3195556            -7.943634             27.50616
      0.3203256             33.77820             28.52236
      0.3210955             5.974548             27.67501
      0.3218655             8.299072             27.81779
      0.3226355             43.05179             28.70178
      0.3234054             42.36093             28.69902
      0.3241755             7.458191             27.82800
      0.3249454             52.85999             28.87315
      0.3257154             18.80457             28.09760
      0.3264854            -4.411804             27.50121
      0.3272554             4.804565             27.75256
      0.3280253             32.83545             28.43656
      0.3287953             12.80457             27.97967
      0.3295653             17.39178             28.19005
      0.3303353             1.588196             27.69060
      0.3311053             19.81091             28.16150
      0.3318753             38.74457             28.69545
      0.3326452             14.35818             28.13347
      0.3334152            -6.317291             27.46548
      0.3341852             38.40909             28.73176
      0.3349552             85.72906             29.96311
      0.3357251             6.739990             28.02712
      0.3364951             30.26093             28.53033
      0.3372651             48.20999             28.94682
      0.3380351             36.46362             28.77068
      0.3388051             7.602722             28.09753
      0.3395751             32.05090             28.69378
      0.3403450             24.08179             28.48216
      0.3411150             2.679993             28.05300
      0.3418850             14.40179             28.29877
      0.3426549             28.44363             28.61841
      0.3434249             3.567291             28.06113
      0.3441949             24.49637             28.61920
      0.3449649            -7.375458             27.75303
      0.3457349            -7.942719             27.67047
      0.3465049             37.02637             28.92879
      0.3472748             32.94907             28.74892
      0.3480448             51.54272             29.48035
      0.3488148             23.14545             28.40053
      0.3495848             7.326355             28.20444
      0.3503547             29.77457             28.74465
      0.3511248             26.82092             28.62730
      0.3518947             7.120911             28.39554
      0.3526647            -26.82822             27.26216
      0.3534347             18.60635             28.59681
      0.3542047            -3.579071             27.84672
      0.3549746            0.9217834             28.18618
      0.3557446             31.25272             29.08707
      0.3565146             36.38544             29.09998
      0.3572845             9.597290             28.49773
      0.3580546             7.546356             28.37487
      0.3588246             26.04272             29.03549
      0.3595945             4.367279             28.47250
      0.3603645            -8.694550             27.92736
      0.3611345             26.90363             28.90765
      0.3619044             20.83090             28.88651
      0.3626744             23.89728             28.90042
      0.3634444             6.782715             28.29877
      0.3642144             4.540009             28.38341
      0.3649844             30.60181             29.00080
      0.3657544             4.292725             28.24352
      0.3665243             18.78726             28.47421
      0.3672943             35.40543             28.91800
      0.3680643             15.09180             28.55995
      0.3688343             39.51364             28.97661
      0.3696042             12.82272             28.45428
      0.3703743             20.54456             28.70884
      0.3711442             16.99908             28.61085
      0.3719142             8.350006             28.49730
      0.3726842            -5.160004             28.02182
      0.3734542             24.59909             28.91756
      0.3742241             14.89273             28.62134
      0.3749941             6.269989             28.47882
      0.3757641             30.80637             29.04034
      0.3765341             10.17273             28.64222
      0.3773041            -20.79001             27.97221
      0.3780740             24.29819             28.95764
      0.3788440            -36.37091             27.75665
      0.3796140             35.90729             29.36306
      0.3803840             40.76364             29.60714
      0.3811539             6.299988             28.79002
      0.3819239             20.31543             29.11660
      0.3826939             26.55820             29.31740
      0.3834639             30.19180             29.19968
      0.3842339            -22.32727             28.08535
      0.3850039             23.22455             29.22794
      0.3857738             6.301788             28.81855
      0.3865438             52.94635             29.87006
      0.3873138            -7.857300             28.54854
      0.3880838            -1.325439             28.91809
      0.3888537             27.95273             29.49128
      0.3896238             34.89093             29.59853
      0.3903937            -45.78909             27.65511
      0.3911637             4.680908             29.04434
      0.3919337           -0.2882080             28.80935
      0.3927037             6.999084             28.84832
      0.3934736             27.72543             29.37805
      0.3942436            -5.749084             28.62388
      0.3950136             13.11179             29.11795
      0.3957836             50.60635             29.93632
      0.3965536             11.11636             28.90911
      0.3973235             14.34821             29.02687
      0.3980935             29.54001             29.39784
      0.3988635             18.08090             29.21976
      0.3996335            -3.738220             28.72027
      0.4004034             27.51999             29.37930
      0.4011734             16.68542             29.08819
      0.4019434             7.329987             29.14549
      0.4027134             15.23273             29.17327
      0.4034834             35.83090             29.85136
      0.4042534             23.57727             29.45405
      0.4050233             5.124542             28.97810
      0.4057933            -20.90637             28.32740
      0.4065633             16.19543             29.23346
      0.4073333             14.84000             29.24012
      0.4081032             13.31454             28.98801
      0.4088733             20.19092             29.39774
      0.4096432            -2.246368             28.67911
      0.4104132             7.285431             28.98530
      0.4111832            -15.07001             28.52887
      0.4119532             59.82181             30.51030
      0.4127231             9.879089             29.25204
      0.4134931             48.11090             30.22583
      0.4142631             45.95178             30.19767
      0.4150331             45.94272             30.16758
      0.4158031            -34.22092             28.29049
      0.4165730            -7.289093             28.77829
      0.4173430            -6.000000             28.93713
      0.4181130             6.494568             29.17339
      0.4188830             24.23636             29.71009
      0.4196529            -2.470001             29.15990
      0.4204229             32.03543             29.74293
      0.4211929           -0.7109375             29.18494
      0.4219629            -7.339996             28.96033
      0.4227329             6.454559             29.29164
      0.4235029             31.16998             29.80984
      0.4242728             27.42178             29.78254
      0.4250428             16.58270             29.57464
      0.4258128             23.06180             29.59259
      0.4265828             4.081787             29.23394
      0.4273528             5.278198             29.09069
      0.4281228            -7.355438             28.95015
      0.4288927             13.08820             29.54364
      0.4296627            0.7572632             29.13251
      0.4304327             4.030914             29.11486
      0.4312027             50.26273             30.36560
      0.4319726             13.38818             29.52546
      0.4327426            -8.307281             29.10034
      0.4335126             4.893646             29.17500
      0.4342826            -8.777283             28.95185
      0.4350526             20.12543             29.68639
      0.4358225             62.05270             30.78334
      0.4365925             4.500916             29.34175
      0.4373625           -0.4527283             29.20918
      0.4381325             1.264557             29.08212
      0.4389024             13.29544             29.52377
      0.4396724             40.42999             30.12575
      0.4404424            -16.70456             28.74930
      0.4412124             53.09906             30.51030
      0.4419824           -0.1018066             29.17247
      0.4427524            -19.01822             28.75186
      0.4435223             12.47180             29.63862
      0.4442923            -38.67819             28.32458
      0.4450623             24.04819             29.75349
      0.4458323            -6.457275             29.10959
      0.4466023             45.68179             30.32978
      0.4473723             50.61090             30.48843
      0.4481422            -24.77545             28.49959
      0.4489122             17.00821             29.53803
      0.4496822             36.06543             30.15765
      0.4504521             14.91544             29.58822
      0.4512221             39.28635             30.38455
      0.4519921            -7.450928             29.19930
      0.4527621             19.43179             29.83648
      0.4535321             3.138184             29.45301
      0.4543021             12.92636             29.56961
      0.4550720             17.64365             29.75391
      0.4558420             32.83820             30.06828
      0.4566120             8.564545             29.53656
      0.4573820             20.80728             29.66506
      0.4581519            -20.56366             28.70927
      0.4589219             3.570923             29.48991
      0.4596919            -25.77365             28.66403
      0.4604619             16.91727             29.79105
      0.4612319             20.02090             29.98893
      0.4620019             53.69180             30.74995
      0.4627718             30.13544             30.18002
      0.4635418             56.16635             30.86772
      0.4643118             8.393646             29.67960
      0.4650818            -14.97729             29.24757
      0.4658518             32.54819             30.23088
      0.4666218             6.826355             29.56964
      0.4673917             23.42456             30.07752
      0.4681617             12.16180             29.76410
      0.4689317            -26.61728             28.84193
      0.4697016             34.74271             30.28129
      0.4704716             25.43362             30.05404
      0.4712416             26.78000             30.15404
      0.4720116             54.71820             30.87340
      0.4727816             31.68729             30.08386
      0.4735516             5.532715             29.58140
      0.4743215            -1.354553             29.44078
      0.4750915             61.56821             30.99511
      0.4758615             36.10455             30.36216
      0.4766315             46.04727             30.50956
      0.4774014             29.72906             30.24511
      0.4781715             29.04907             30.11358
      0.4789414             36.72906             30.38637
      0.4797114            -14.07455             29.27791
      0.4804814             39.28091             30.45348
      0.4812514             72.96729             31.33068
      0.4820213            -5.249084             29.46425
      0.4827913             8.591797             29.72355
      0.4835613            -19.59821             29.33018
      0.4843313            -8.763641             29.38264
      0.4851013             27.32455             30.37626
      0.4858713             26.15909             30.26851
