n0 =          240
     0.02388324             256.7682             32.93047
     0.02465323             241.5500             32.64141
     0.02542320             246.3782             32.72382
     0.02619319             267.0100             33.00567
     0.02696316             329.7236             34.07861
     0.02773315             257.4591             32.52438
     0.02850312             295.8809             33.41503
     0.02927311             296.6427             33.33840
     0.03004308             270.2500             32.64765
     0.03081307             317.7027             33.50937
     0.03158304             257.2482             32.33445
     0.03235303             220.7627             31.49238
     0.03312300             292.8073             32.92941
     0.03389299             245.0745             32.00199
     0.03466296             268.2845             32.38962
     0.03543295             334.4700             33.62351
     0.03620292             331.7791             33.48189
     0.03697290             288.0309             32.57077
     0.03774288             256.5873             32.08386
     0.03851286             283.9673             32.33390
     0.03928284             303.1527             32.91983
     0.04005282             268.6891             32.27650
     0.04082280             306.3954             32.86102
     0.04159278             294.1064             32.72234
     0.04236276             337.7709             33.40083
     0.04313274             289.7709             32.68886
     0.04390272             324.5745             33.37063
     0.04467270             281.7691             32.37517
     0.04544269             294.4645             32.46179
     0.04621266             301.7164             32.74881
     0.04698265             273.5218             32.05140
     0.04775262             309.1973             32.87983
     0.04852261             290.7382             32.36668
     0.04929258             317.7073             32.91117
     0.05006257             285.5791             32.34689
     0.05083254             346.4027             33.76784
     0.05160253             327.3827             33.41825
     0.05237250             318.2173             33.12873
     0.05314249             282.2636             32.37898
     0.05391246             346.5327             33.65859
     0.05468245             305.3473             32.65944
     0.05545242             344.7845             33.58000
     0.05622241             304.2682             32.63696
     0.05699238             297.2882             32.44075
     0.05776237             348.2773             33.65056
     0.05853234             340.3809             33.37400
     0.05930233             351.9282             33.68729
     0.06007230             320.6855             33.06051
     0.06084229             297.4073             32.56760
     0.06161226             369.7737             33.95206
     0.06238224             345.4845             33.69186
     0.06315222             368.4227             34.00100
     0.06392220             308.8091             32.74531
     0.06469218             335.2836             33.27925
     0.06546216             323.6391             33.05362
     0.06623214             309.2064             32.84228
     0.06700212             361.1691             33.76495
     0.06777211             372.3127             33.96220
     0.06854208             339.5136             33.43691
     0.06931207             380.6791             34.08903
     0.07008204             345.4055             33.47235
     0.07085203             415.4827             34.70597
     0.07162200             344.8227             33.34261
     0.07239199             349.6682             33.46025
     0.07316196             340.1936             33.40257
     0.07393195             338.7764             33.19541
     0.07470192             335.0237             33.26348
     0.07547191             365.2000             33.79829
     0.07624188             329.8445             33.19554
     0.07701187             336.0255             33.35257
     0.07778184             327.4273             33.14695
     0.07855183             371.2263             33.97528
     0.07932180             388.5509             34.46984
     0.08009179             343.7318             33.42591
     0.08086176             412.0518             34.80066
     0.08163175             376.0409             34.09647
     0.08240172             340.0564             33.29818
     0.08317171             366.7164             33.89389
     0.08394168             385.1536             34.27722
     0.08471167             328.2573             33.26031
     0.08548164             363.4427             33.74620
     0.08625162             379.7827             34.13934
     0.08702160             359.4273             33.79023
     0.08779158             381.4073             34.18013
     0.08856156             336.9527             33.38322
     0.08933155             359.1582             33.73097
     0.09010153             328.9682             33.13552
     0.09087150             365.1227             33.80217
     0.09164147             404.7873             34.69316
     0.09241147             315.3036             32.76006
     0.09318145             395.1073             34.36514
     0.09395142             374.5555             34.08414
     0.09472139             326.2263             33.10621
     0.09549139             400.4227             34.49482
     0.09626137             405.4845             34.80907
     0.09703134             403.6655             34.58610
     0.09780131             379.2327             34.12848
     0.09857132             379.6655             34.31252
     0.09934129             385.0982             34.31651
      0.1001113             325.3036             33.20562
      0.1008812             367.7255             33.84784
      0.1016512             377.7364             34.10178
      0.1024212             328.3654             33.16836
      0.1031912             365.3545             33.78272
      0.1039612             299.6945             32.36611
      0.1047312             384.9000             34.18785
      0.1055011             278.0191             32.21716
      0.1062711             329.8755             33.18205
      0.1070411             336.7627             33.35269
      0.1078111             328.3300             33.18783
      0.1085811             369.4800             33.93849
      0.1093510             346.8927             33.63369
      0.1101210             369.6964             34.13016
      0.1108910             341.0673             33.57712
      0.1116610             304.5882             32.71306
      0.1124309             342.5109             33.37527
      0.1132009             307.6809             32.85701
      0.1139709             312.0100             32.83744
      0.1147409             317.1227             32.88134
      0.1155109             360.2863             33.79618
      0.1162808             315.6682             32.88415
      0.1170508             319.7009             32.93652
      0.1178208             390.5618             34.26066
      0.1185908             309.6236             32.81535
      0.1193608             379.5882             34.04847
      0.1201307             290.2836             32.49107
      0.1209007             326.9636             33.41216
      0.1216707             306.8709             32.83464
      0.1224407             328.4491             33.18219
      0.1232107             306.9854             32.87229
      0.1239807             292.4091             32.51997
      0.1247506             293.0891             32.46179
      0.1255206             289.8973             32.37342
      0.1262906             308.6500             32.88632
      0.1270606             338.9500             33.49721
      0.1278306             274.1709             32.19998
      0.1286005             285.7118             32.32607
      0.1293705             296.0627             32.61952
      0.1301405             316.9345             33.12113
      0.1309105             324.9964             33.35304
      0.1316804             314.0627             32.85801
      0.1324504             296.1400             32.49195
      0.1332204             329.4182             33.23251
      0.1339904             315.1291             33.01026
      0.1347604             286.2991             32.42031
      0.1355303             306.8091             32.68048
      0.1363003             318.2064             33.04815
      0.1370703             286.5527             32.33135
      0.1378403             255.8709             31.67905
      0.1386103             274.9218             32.18225
      0.1393802             286.8600             32.45920
      0.1401502             296.1800             32.53733
      0.1409202             296.4736             32.65779
      0.1416902             293.0255             32.18847
      0.1424602             278.3455             32.14138
      0.1432302             253.7473             31.75512
      0.1440001             251.7627             31.65239
      0.1447701             273.7582             32.13368
      0.1455401             222.8354             31.04616
      0.1463101             247.7445             31.68121
      0.1470800             288.6164             32.53581
      0.1478500             262.9254             32.09230
      0.1486200             265.4618             32.15730
      0.1493900             266.3073             32.16439
      0.1501600             268.4109             32.21590
      0.1509299             274.7773             32.34244
      0.1516999             270.9473             32.20798
      0.1524699             244.6318             31.66846
      0.1532399             231.9873             31.36856
      0.1540099             262.1418             32.05287
      0.1547798             206.3473             30.87343
      0.1555498             240.8418             31.49385
      0.1563198             259.5791             31.78029
      0.1570898             206.8882             30.83729
      0.1578598             284.6873             32.46902
      0.1586298             251.9236             31.63580
      0.1593997             231.5618             31.25000
      0.1601697             243.6855             31.54177
      0.1609397             203.9591             30.67789
      0.1617097             221.2173             31.09791
      0.1624797             295.6145             32.52502
      0.1632496             196.6100             30.45357
      0.1640196             194.4355             30.52102
      0.1647896             223.4664             31.14248
      0.1655596             191.5854             30.64712
      0.1663295             200.8791             30.83647
      0.1670995             173.7927             30.20148
      0.1678695             191.3555             30.71042
      0.1686395             165.6027             30.03099
      0.1694095             216.7991             31.23572
      0.1701794             164.5564             29.97425
      0.1709494             197.0245             30.83278
      0.1717194             218.8082             31.19016
      0.1724894             160.2100             29.78432
      0.1732594             175.6736             30.24833
      0.1740293             174.4045             30.15915
      0.1747993             180.0600             30.21957
      0.1755693             175.7863             30.22815
      0.1763393             194.3336             30.68295
      0.1771093             173.9582             30.15072
      0.1778793             151.8609             29.60094
      0.1786492             205.1500             31.05621
      0.1794192             123.6664             29.20106
      0.1801892             191.1454             30.85302
      0.1809592             200.5582             30.94102
      0.1817292             140.3373             29.73267
      0.1824991             139.6064             29.68592
      0.1832691             136.3900             29.61959
      0.1840391             169.2509             30.23518
      0.1848091             141.5136             29.75764
      0.1855790             154.5645             29.99020
      0.1863490             133.7964             29.49809
      0.1871190             155.6109             30.07651
      0.1878890             120.7700             29.17175
      0.1886590             100.6727             28.82956
      0.1894289             150.5136             29.77998
      0.1901989             132.4936             29.59065
      0.1909689             130.3855             29.52613
      0.1917389             151.8382             29.81588
      0.1925089             127.5445             29.42496
      0.1932788             126.3018             29.53177
      0.1940488             105.2045             29.01229
      0.1948188             94.73001             28.62429
      0.1955888             59.41000             27.63748
      0.1963588             125.2045             29.36951
      0.1971288             122.9109             29.29885
      0.1978987             89.52908             28.50098
      0.1986687             80.86911             28.28032
      0.1994387             90.73001             28.48324
      0.2002087             131.0300             29.53396
      0.2009787             74.36545             28.25472
      0.2017486             98.90634             28.87377
      0.2025186             73.35001             28.25282
      0.2032886             67.45819             28.03665
      0.2040586             90.19547             28.67418
      0.2048285             84.02090             28.55625
      0.2055985             55.01001             27.65084
      0.2063685             59.90182             27.91109
      0.2071385             70.95273             28.07235
      0.2079085             83.10272             28.39541
      0.2086784             65.41180             28.13501
      0.2094484             69.72089             28.01180
      0.2102184             92.68542             28.76809
      0.2109884             108.5773             28.98399
      0.2117584             49.86636             27.74307
      0.2125283             64.83545             28.05532
      0.2132983             81.98999             28.47075
      0.2140683             79.73819             28.43915
      0.2148383             59.72726             27.94894
      0.2156083             56.24820             27.86340
      0.2163783             44.37634             27.46289
      0.2171482             37.70093             27.44097
      0.2179182             100.0409             28.90988
      0.2186882             60.28818             27.84712
      0.2194582             59.61270             27.83934
      0.2202282             22.64816             26.84046
      0.2209981             74.84454             28.21150
      0.2217681             33.11182             27.13679
      0.2225381             45.06088             27.47162
      0.2233081             23.71637             26.97311
      0.2240780             28.50000             27.00390
      0.2248480             35.29907             27.33232
      0.2256180             54.09363             27.74030
      0.2263880             31.74908             27.44012
      0.2271580             38.97635             27.58448
      0.2279279             63.05365             28.06299
      0.2286979             20.29181             26.99474
      0.2294679             51.53906             27.93907
      0.2302379             44.45093             27.75594
      0.2310079             42.00726             27.61566
      0.2317779             35.76001             27.37411
      0.2325478             14.49271             26.98483
      0.2333178             10.90543             26.81143
      0.2340878             48.57455             27.55313
      0.2348578             33.65634             27.42477
      0.2356278             13.38727             26.89286
      0.2363977             9.058197             26.81765
      0.2371677             9.459991             26.70072
      0.2379377             23.97635             27.00285
      0.2387077             48.65820             27.77569
      0.2394776             11.05545             26.68609
      0.2402476             51.75092             27.98605
      0.2410176             16.20364             26.96257
      0.2417876             23.68271             27.27513
      0.2425576             27.46637             27.30434
      0.2433275             19.88998             27.21432
      0.2440975           -0.8563538             26.59836
      0.2448675             1.194550             26.53683
      0.2456375             43.26093             27.59372
      0.2464075             38.96729             27.46289
      0.2471774             13.04456             27.04715
      0.2479474             11.23001             26.87306
      0.2487174             12.80179             26.84133
      0.2494874             34.59634             27.34659
      0.2502574             47.97821             27.99401
      0.2510273            -2.516357             26.58979
      0.2517973            -9.728210             26.42736
      0.2525673             17.72635             27.02676
      0.2533373             10.43729             26.94558
      0.2541073             45.63364             27.79381
      0.2548773            -4.531799             26.43395
      0.2556472             8.529999             26.87473
      0.2564172             15.12820             27.21329
      0.2571872             18.61819             26.98843
      0.2579572            -17.38181             26.13340
      0.2587271             28.26273             27.44142
      0.2594971             15.68637             27.13317
      0.2602671             8.690918             27.03201
      0.2610371             55.75272             28.07187
      0.2618071             41.50092             27.81446
      0.2625771            -15.60727             26.30693
      0.2633470             16.29544             27.27879
      0.2641170            -4.148193             26.51596
      0.2648870            -19.36456             26.38375
      0.2656569            -5.410919             26.59041
      0.2664269             14.22272             27.04774
      0.2671970            -3.230011             26.84456
      0.2679669             1.260010             26.75336
      0.2687369            -7.605438             26.74134
      0.2695069            -7.327271             26.56994
      0.2702768             18.43637             27.25749
      0.2710468             15.18457             27.42712
      0.2718168             11.95728             27.31321
      0.2725868            -20.64999             26.32648
      0.2733568             19.69000             27.50777
      0.2741268           -0.3609314             27.02777
      0.2748967             4.583649             27.17171
      0.2756667             35.02728             27.93357
      0.2764367            -2.056366             26.99794
      0.2772067           -0.7982178             27.01737
      0.2779766            -11.75180             26.72219
      0.2787466           -0.2972717             27.16609
      0.2795166            -26.60635             26.51753
      0.2802866           -0.5800171             26.92895
      0.2810566            -15.92001             26.68279
      0.2818266             17.12634             27.57869
      0.2825965            0.4927063             27.36449
      0.2833665             33.78635             28.02073
      0.2841365             45.37363             28.34526
      0.2849064             24.10181             27.85894
      0.2856764             15.08636             27.55306
      0.2864465             14.94272             27.65328
      0.2872164             4.406342             27.36478
      0.2879864            -3.748199             27.16494
      0.2887564             66.33365             28.91845
      0.2895263             33.26093             27.96948
      0.2902963           -0.3527222             27.27586
      0.2910663            -2.827271             27.20670
      0.2918363             3.002716             27.25241
      0.2926063             9.095428             27.31375
      0.2933763            -8.719086             26.84951
      0.2941462             5.024567             27.25126
      0.2949162            -8.377289             26.97235
      0.2956862            -3.898193             27.15160
      0.2964562             12.27179             27.54058
      0.2972261             47.11270             28.46217
      0.2979961            -2.710938             27.42070
      0.2987661             41.09909             28.50765
      0.2995361            -39.33365             26.35118
      0.3003061             7.352722             27.54057
      0.3010761            -3.925446             27.32184
      0.3018460           -0.1063538             27.48030
      0.3026160             35.86728             28.27330
      0.3033860             3.949066             27.41258
      0.3041559             11.92908             27.81866
      0.3049260            -6.925446             27.23869
      0.3056960            -1.404572             27.28806
      0.3064659             5.842712             27.61660
      0.3072359            -3.177277             27.35173
      0.3080059            -9.583649             27.37341
      0.3087758             32.34363             28.43295
      0.3095458             30.00821             28.26243
      0.3103158             51.19363             28.77153
      0.3110858             25.98178             28.19396
      0.3118558             4.023651             27.67887
      0.3126258             14.44543             27.81247
      0.3133957             36.87820             28.24605
      0.3141657             43.17178             28.34341
      0.3149357            -14.30728             26.98083
      0.3157057             17.05908             27.94737
      0.3164756            -32.09543             26.54755
      0.3172456             15.42999             27.90951
      0.3180156             16.19363             27.87906
      0.3187856             17.38544             28.04058
      0.3195556             2.056366             27.76300
      0.3203256             46.77820             28.83860
      0.3210955             35.97455             28.42142
      0.3218655             36.29907             28.51356
      0.3226355             39.05179             28.60465
      0.3234054            -3.639069             27.55142
      0.3241755             8.458191             27.85334
      0.3249454             37.85999             28.50997
      0.3257154             8.804565             27.84665
      0.3264854             33.58820             28.45387
      0.3272554             37.80457             28.57313
      0.3280253             3.835449             27.71280
      0.3287953             35.80457             28.54941
      0.3295653             35.39178             28.63510
      0.3303353             24.58820             28.26819
      0.3311053             47.81091             28.84554
      0.3318753             7.744568             27.92935
      0.3326452             16.35818             28.18334
      0.3334152             31.68271             28.41694
      0.3341852             13.40909             28.11548
      0.3349552             12.72906             28.21253
      0.3357251             24.73999             28.47547
      0.3364951             15.26093             28.16014
      0.3372651             16.20999             28.16689
      0.3380351             20.46362             28.37984
      0.3388051             14.60272             28.27221
      0.3395751             55.05090             29.24616
      0.3403450             37.08179             28.79915
      0.3411150            -17.32001             27.54198
      0.3418850             33.40179             28.76542
      0.3426549             5.443634             28.04936
      0.3434249             24.56729             28.58260
      0.3441949             11.49637             28.29877
      0.3449649            -9.375458             27.70200
      0.3457349             48.05728             29.05073
      0.3465049             39.02637             28.97701
      0.3472748             35.94907             28.82155
      0.3480448             17.54272             28.65846
      0.3488148            -28.85455             27.08324
      0.3495848            -19.67365             27.51854
      0.3503547            -3.225433             27.92611
      0.3511248             25.82092             28.60288
      0.3518947            -13.87909             27.86482
      0.3526647            0.1717834             27.95435
      0.3534347            -36.39365             27.19893
      0.3542047             19.42093             28.41857
      0.3549746             26.92178             28.82672
      0.3557446             12.25272             28.62431
      0.3565146            -1.614563             28.16706
      0.3572845             25.59729             28.88998
      0.3580546             6.546356             28.35007
      0.3588246             22.04272             28.93859
      0.3595945             2.367279             28.42281
      0.3603645             20.30545             28.64577
      0.3611345            -22.09637             27.68893
      0.3619044            -6.169098             28.21847
      0.3626744             41.89728             29.33295
      0.3634444             32.78271             28.93469
      0.3642144             36.54001             29.16613
      0.3649844            -3.398193             28.16207
      0.3657544            -4.707275             28.01781
      0.3665243            -3.212738             27.92756
      0.3672943            -1.594574             28.00800
      0.3680643             13.09180             28.51068
      0.3688343             5.513641             28.14594
      0.3696042             32.82272             28.94284
      0.3703743             52.54456             29.47788
      0.3711442             23.99908             28.78194
      0.3719142             31.35001             29.05950
      0.3726842             29.84000             28.88470
      0.3734542             30.59909             29.06240
      0.3742241             12.89273             28.57225
      0.3749941             38.26999             29.25507
      0.3757641             65.80637             29.86408
      0.3765341             29.17273             29.10389
      0.3773041             14.20999             28.84469
      0.3780740             44.29819             29.43386
      0.3788440             21.62909             29.20579
      0.3796140             7.907288             28.68783
      0.3803840             33.76364             29.44150
      0.3811539             15.29999             29.00947
      0.3819239            -22.68457             28.05247
      0.3826939            -18.44180             28.21184
      0.3834639             15.19180             28.83903
      0.3842339             19.67273             29.12154
      0.3850039             22.22455             29.20398
      0.3857738             18.30179             29.10960
      0.3865438             22.94635             29.16364
      0.3873138             8.142700             28.94174
      0.3880838             42.67456             29.97204
      0.3888537             1.952728             28.86429
      0.3896238             25.89093             29.38533
      0.3903937             26.21091             29.44352
      0.3911637             27.68091             29.59672
      0.3919337             12.71179             29.12521
      0.3927037            -25.00092             28.05410
      0.3934736             17.72543             29.13886
      0.3942436            -7.749084             28.57431
      0.3950136             33.11179             29.59635
      0.3957836             17.60635             29.15620
      0.3965536             19.11636             29.10246
      0.3973235             34.34821             29.50527
      0.3980935             22.54001             29.23108
      0.3988635           0.08090210             28.78214
      0.3996335           -0.7382202             28.79413
      0.4004034             36.51999             29.59203
      0.4011734            -2.314575             28.62653
      0.4019434             17.32999             29.38689
      0.4027134             37.23273             29.69535
      0.4034834             1.830902             29.03799
      0.4042534             14.57727             29.23841
      0.4050233            -8.875458             28.63488
      0.4057933             33.09363             29.63930
      0.4065633             34.19543             29.66205
      0.4073333             24.84000             29.47958
      0.4081032             28.31454             29.34659
      0.4088733           -0.8090820             28.88927
      0.4096432            -7.246368             28.55616
      0.4104132             35.28543             29.65205
      0.4111832             29.92999             29.61746
      0.4119532             29.82181             29.81460
      0.4127231             2.879089             29.08276
      0.4134931             61.11090             30.52391
      0.4142631             12.95178             29.42101
      0.4150331             19.94272             29.55940
      0.4158031             47.77908             30.26304
      0.4165730            -15.28909             28.58146
      0.4173430             8.000000             29.27629
      0.4181130            -2.505432             28.95549
      0.4188830             14.23636             29.47253
      0.4196529             41.53000             30.20548
      0.4204229             21.03543             29.48380
      0.4211929             15.28906             29.56942
      0.4219629             10.66000             29.39590
      0.4227329            -17.54544             28.70673
      0.4235029           -0.8300171             29.04695
      0.4242728             43.42178             30.15596
      0.4250428             14.58270             29.52703
      0.4258128             8.061798             29.23524
      0.4265828            -4.918213             29.01527
      0.4273528            -6.721802             28.79930
      0.4281228           -0.3554382             29.12063
      0.4288927             36.08820             30.08549
      0.4296627             13.75726             29.44543
      0.4304327            -4.969086             28.89644
      0.4312027             17.26273             29.59490
      0.4319726            -2.611816             29.14099
      0.4327426             37.69272             30.19347
      0.4335126             9.893646             29.29480
      0.4342826             22.22272             29.69642
      0.4350526             36.12543             30.06104
      0.4358225             29.05270             30.02416
      0.4365925             31.50092             29.98215
      0.4373625            -25.45273             28.59440
      0.4381325             9.264557             29.27435
      0.4389024             35.29544             30.04120
      0.4396724             20.42999             29.65897
      0.4404424            -13.70456             28.82316
      0.4412124            -22.90094             28.70115
      0.4419824             30.89819             29.90943
      0.4427524             35.98178             30.06726
      0.4435223             1.471802             29.37536
      0.4442923             26.32181             29.90689
      0.4450623             58.04819             30.53860
      0.4458323            -13.45728             28.93830
      0.4466023             5.681793             29.38987
      0.4473723             24.61090             29.88680
      0.4481422            -17.77545             28.67276
      0.4489122             10.00821             29.37184
      0.4496822             11.06543             29.57126
      0.4504521             47.91544             30.35641
      0.4512221             17.28635             29.87051
      0.4519921             6.549072             29.53727
      0.4527621             20.43179             29.86001
      0.4535321             8.138184             29.57253
      0.4543021             9.926361             29.49830
      0.4550720            -8.356354             29.13196
      0.4558420             26.83820             29.92841
      0.4566120             39.56454             30.26452
      0.4573820             23.80728             29.73557
      0.4581519            -1.563660             29.17312
      0.4589219            -17.42908             28.98025
      0.4596919             2.226349             29.34645
      0.4604619             32.91727             30.16488
      0.4612319             15.02090             29.87128
      0.4620019             9.691803             29.73162
      0.4627718            -4.864563             29.35353
      0.4635418             11.16635             29.82903
      0.4643118             28.39365             30.14844
      0.4650818             32.02271             30.36134
      0.4658518            -15.45181             29.09276
      0.4666218             12.82635             29.71169
      0.4673917             25.42456             30.12409
      0.4681617             14.16180             29.81123
      0.4689317             34.38272             30.29766
      0.4697016            -5.257294             29.33720
      0.4704716             9.433624             29.67774
      0.4712416             34.78000             30.33914
      0.4720116            -16.28180             29.20879
      0.4727816             34.68729             30.15309
      0.4735516             42.53271             30.44367
      0.4743215            -4.354553             29.36865
      0.4750915             69.56821             31.17381
      0.4758615            -11.89545             29.22786
      0.4766315             19.04727             29.88512
      0.4774014             30.72906             30.26824
      0.4781715            -5.950928             29.28801
      0.4789414             33.72906             30.31736
      0.4797114             4.925446             29.73422
      0.4804814            -3.719086             29.44581
      0.4812514             3.967285             29.75084
      0.4820213             22.75092             30.12577
      0.4827913            -10.40820             29.27037
      0.4835613             22.40179             30.32820
      0.4843313             41.23636             30.55253
      0.4851013             33.32455             30.51435
      0.4858713            -1.840912             29.61065
