n0 =          240
     0.02388324             275.7682             33.30585
     0.02465323             269.5500             33.20055
     0.02542320             226.3782             32.31725
     0.02619319             257.0100             32.80599
     0.02696316             297.7236             33.46227
     0.02773315             288.4591             33.14172
     0.02850312             313.8809             33.76510
     0.02927311             304.6427             33.49469
     0.03004308             255.2500             32.34534
     0.03081307             290.7027             32.98205
     0.03158304             245.2482             32.08970
     0.03235303             280.7627             32.71853
     0.03312300             236.8073             31.79543
     0.03389299             283.0745             32.77263
     0.03466296             272.2845             32.47047
     0.03543295             296.4700             32.88217
     0.03620292             279.7791             32.45952
     0.03697290             274.0309             32.28987
     0.03774288             303.5873             33.02819
     0.03851286             281.9673             32.29374
     0.03928284             264.1527             32.13691
     0.04005282             274.6891             32.39807
     0.04082280             307.3954             32.88071
     0.04159278             287.1064             32.58262
     0.04236276             275.7709             32.17796
     0.04313274             298.7709             32.86807
     0.04390272             254.5745             31.97008
     0.04467270             351.7691             33.74848
     0.04544269             275.4645             32.07948
     0.04621266             260.7164             31.92037
     0.04698265             295.5218             32.49390
     0.04775262             308.1973             32.86010
     0.04852261             297.7382             32.50640
     0.04929258             334.7073             33.24216
     0.05006257             295.5791             32.54689
     0.05083254             310.4027             33.06765
     0.05160253             328.3827             33.43769
     0.05237250             318.2173             33.12873
     0.05314249             302.2636             32.77900
     0.05391246             301.5327             32.78165
     0.05468245             281.3473             32.18056
     0.05545242             320.7845             33.11499
     0.05622241             321.2682             32.97179
     0.05699238             363.2882             33.72470
     0.05776237             321.2773             33.12683
     0.05853234             362.3809             33.79523
     0.05930233             288.9282             32.45377
     0.06007230             297.6855             32.60609
     0.06084229             319.4073             33.00243
     0.06161226             339.7737             33.37975
     0.06238224             324.4845             33.28513
     0.06315222             356.4227             33.77324
     0.06392220             338.8091             33.33144
     0.06469218             300.2836             32.59251
     0.06546216             320.6391             32.99495
     0.06623214             347.2064             33.58193
     0.06700212             307.1691             32.71693
     0.06777211             325.3127             33.05922
     0.06854208             351.5136             33.66803
     0.06931207             320.6791             32.93830
     0.07008204             323.4055             33.04514
     0.07085203             336.4827             33.21720
     0.07162200             343.8227             33.32333
     0.07239199             326.6682             33.01479
     0.07316196             349.1936             33.57610
     0.07393195             345.7764             33.33057
     0.07470192             406.0237             34.60712
     0.07547191             381.2000             34.10002
     0.07624188             341.8445             33.42803
     0.07701187             389.0255             34.35904
     0.07778184             339.4273             33.37980
     0.07855183             347.2263             33.51843
     0.07932180             408.5509             34.84022
     0.08009179             363.7318             33.80800
     0.08086176             356.0518             33.75406
     0.08163175             355.0409             33.69860
     0.08240172             358.0564             33.64332
     0.08317171             371.7164             33.98835
     0.08394168             347.1536             33.55696
     0.08471167             401.2573             34.64481
     0.08548164             368.4427             33.84093
     0.08625162             393.7827             34.40076
     0.08702160             347.4273             33.56081
     0.08779158             330.4073             33.20743
     0.08856156             373.9527             34.08988
     0.08933155             368.1582             33.90198
     0.09010153             347.9682             33.50296
     0.09087150             381.1227             34.10390
     0.09164147             332.7873             33.33009
     0.09241147             322.3036             32.89739
     0.09318145             377.1073             34.02879
     0.09395142             359.5555             33.79995
     0.09472139             354.2263             33.64671
     0.09549139             386.4227             34.23484
     0.09626137             365.4845             34.06208
     0.09703134             361.6655             33.80066
     0.09780131             321.2327             33.01857
     0.09857132             396.6655             34.62920
     0.09934129             350.0982             33.65478
      0.1001113             378.3036             34.22018
      0.1008812             371.7255             33.92349
      0.1016512             349.7364             33.57032
      0.1024212             384.3654             34.23685
      0.1031912             344.3545             33.38138
      0.1039612             355.6945             33.45874
      0.1047312             363.9000             33.79169
      0.1055011             307.0191             32.79883
      0.1062711             375.8755             34.06224
      0.1070411             364.7627             33.88881
      0.1078111             344.3300             33.49737
      0.1085811             314.4800             32.87940
      0.1093510             313.8927             32.99307
      0.1101210             345.6964             33.67331
      0.1108910             349.0673             33.73085
      0.1116610             362.5882             33.83706
      0.1124309             323.5109             33.00701
      0.1132009             320.6809             33.11266
      0.1139709             333.0100             33.24820
      0.1147409             381.1227             34.10973
      0.1155109             345.2863             33.50867
      0.1162808             360.6682             33.75581
      0.1170508             343.7009             33.40258
      0.1178208             320.5618             32.92489
      0.1185908             305.6236             32.73623
      0.1193608             272.5882             31.96189
      0.1201307             282.2836             32.33016
      0.1209007             315.9636             33.19684
      0.1216707             313.8709             32.97282
      0.1224407             283.4491             32.29161
      0.1232107             283.9854             32.41355
      0.1239807             329.4091             33.24820
      0.1247506             322.0891             33.03432
      0.1255206             291.8973             32.41348
      0.1262906             363.6500             33.95015
      0.1270606             308.9500             32.91241
      0.1278306             339.1709             33.48557
      0.1286005             293.7118             32.48646
      0.1293705             290.0627             32.49962
      0.1301405             339.9345             33.56794
      0.1309105             277.9964             32.42068
      0.1316804             361.0627             33.76570
      0.1324504             258.1400             31.72257
      0.1332204             282.4182             32.30234
      0.1339904             303.1291             32.77327
      0.1347604             335.2991             33.38705
      0.1355303             323.8091             33.01479
      0.1363003             304.2064             32.77209
      0.1370703             296.5527             32.53135
      0.1378403             318.8709             32.94606
      0.1386103             297.9218             32.64544
      0.1393802             270.8600             32.13502
      0.1401502             300.1800             32.61708
      0.1409202             269.4736             32.11272
      0.1416902             315.0255             32.62501
      0.1424602             301.3455             32.60270
      0.1432302             300.7473             32.70795
      0.1440001             304.7627             32.72604
      0.1447701             194.7582             30.47309
      0.1455401             282.8354             32.28692
      0.1463101             251.7445             31.76390
      0.1470800             274.6164             32.25423
      0.1478500             284.9254             32.53769
      0.1486200             282.4618             32.50132
      0.1493900             272.3073             32.28625
      0.1501600             247.4109             31.78560
      0.1509299             261.7773             32.07850
      0.1516999             251.9473             31.81997
      0.1524699             285.6318             32.50445
      0.1532399             257.9873             31.90793
      0.1540099             247.1418             31.74422
      0.1547798             240.3473             31.59319
      0.1555498             252.8418             31.74277
      0.1563198             195.5791             30.42991
      0.1570898             223.8882             31.19991
      0.1578598             273.6873             32.24697
      0.1586298             277.9236             32.16744
      0.1593997             223.5618             31.08082
      0.1601697             256.6855             31.81132
      0.1609397             231.9591             31.27491
      0.1617097             234.2173             31.37246
      0.1624797             232.6145             31.23590
      0.1632496             243.6100             31.45176
      0.1640196             194.4355             30.52102
      0.1647896             243.4664             31.56171
      0.1655596             224.5854             31.35430
      0.1663295             181.8791             30.42282
      0.1670995             210.7927             31.00482
      0.1678695             188.3555             30.64523
      0.1686395             203.6027             30.86115
      0.1694095             181.7991             30.48219
      0.1701794             187.5564             30.48078
      0.1709494             190.0245             30.68096
      0.1717194             221.8082             31.25364
      0.1724894             232.2100             31.34307
      0.1732594             212.6736             31.05091
      0.1740293             171.4045             30.09264
      0.1747993             203.0600             30.71983
      0.1755693             168.7863             30.07294
      0.1763393             240.3336             31.65945
      0.1771093             145.9582             29.52394
      0.1778793             182.8609             30.28907
      0.1786492             150.1500             29.84808
      0.1794192             159.6664             30.01938
      0.1801892             162.1454             30.21617
      0.1809592             171.5582             30.31023
      0.1817292             103.3373             28.87504
      0.1824991             185.6064             30.70665
      0.1832691             187.3900             30.75189
      0.1840391             189.2509             30.67163
      0.1848091             128.5136             29.46111
      0.1855790             179.5645             30.54293
      0.1863490             153.7964             29.95079
      0.1871190             167.6109             30.34324
      0.1878890             135.7700             29.51716
      0.1886590             127.6727             29.46009
      0.1894289             144.5136             29.64487
      0.1901989             167.4936             30.37615
      0.1909689             144.3855             29.84432
      0.1917389             98.83817             28.59369
      0.1925089             147.5445             29.88000
      0.1932788             154.3018             30.16754
      0.1940488             100.2045             28.89424
      0.1948188             144.7300             29.78406
      0.1955888             181.4100             30.47242
      0.1963588             61.20453             27.84122
      0.1971288             110.9109             29.02000
      0.1978987             120.5291             29.23136
      0.1986687             137.8691             29.61781
      0.1994387             110.7300             28.95679
      0.2002087             108.0300             29.00148
      0.2009787             111.3654             29.13637
      0.2017486             111.9063             29.17934
      0.2025186             81.35001             28.44685
      0.2032886             99.45819             28.80747
      0.2040586             118.1955             29.33277
      0.2048285             100.0209             28.93722
      0.2055985             76.01001             28.16724
      0.2063685             72.90182             28.23037
      0.2071385             120.9527             29.26061
      0.2079085             109.1027             29.01243
      0.2086784             109.4118             29.19016
      0.2094484             86.72089             28.42389
      0.2102184             66.68542             28.13964
      0.2109884             70.57727             28.07592
      0.2117584             49.86636             27.74307
      0.2125283             60.83545             27.95679
      0.2132983             94.98999             28.78152
      0.2140683             54.73819             27.82732
      0.2148383             88.72726             28.65364
      0.2156083             80.24820             28.45040
      0.2163783             15.37634             26.71744
      0.2171482             37.70093             27.44097
      0.2179182             35.04089             27.31425
      0.2186882             54.28818             27.69805
      0.2194582             57.61270             27.78971
      0.2202282             68.64816             28.00264
      0.2209981             40.84454             27.36658
      0.2217681             42.11182             27.36658
      0.2225381             59.06088             27.82207
      0.2233081             47.71637             27.58555
      0.2240780             50.50000             27.56240
      0.2248480             51.29907             27.73640
      0.2256180             38.09363             27.33826
      0.2263880             64.74908             28.26581
      0.2271580             83.97635             28.69137
      0.2279279             49.05365             27.71643
      0.2286979             56.29181             27.90412
      0.2294679             1.539063             26.65590
      0.2302379             38.45093             27.60480
      0.2310079             32.00726             27.36215
      0.2317779             21.76001             27.01548
      0.2325478             60.49271             28.14849
      0.2333178             4.905426             26.65376
      0.2340878             71.57455             28.11940
      0.2348578             45.65634             27.72821
      0.2356278             61.38727             28.11343
      0.2363977             52.05820             27.91884
      0.2371677            -1.540009             26.40860
      0.2379377             65.97635             28.05717
      0.2387077             50.65820             27.82544
      0.2394776             40.05545             27.42957
      0.2402476             18.75092             27.14982
      0.2410176             35.20364             27.45091
      0.2417876            -6.317291             26.48549
      0.2425576             46.46637             27.78574
      0.2433275            -3.110016             26.61024
      0.2440975             35.14365             27.53064
      0.2448675             41.19455             27.56861
      0.2456375             39.26093             27.49309
      0.2464075             26.96729             27.15788
      0.2471774             29.04456             27.46029
      0.2479474             65.23001             28.23758
      0.2487174             16.80179             26.94559
      0.2494874             32.59634             27.29583
      0.2502574             2.978210             26.84004
      0.2510273             19.48364             27.16642
      0.2517973             2.271790             26.74763
      0.2525673             13.72635             26.92307
      0.2533373             36.43729             27.61345
      0.2541073             5.633636             26.77017
      0.2548773             41.46820             27.62381
      0.2556472             53.53000             28.01969
      0.2564172             43.12820             27.92692
      0.2571872             23.61819             27.11710
      0.2579572             6.618195             26.77400
      0.2587271            -14.73727             26.31324
      0.2594971             35.68637             27.64352
      0.2602671             25.69092             27.47127
      0.2610371            -16.24728             26.21565
      0.2618071             30.50092             27.53754
      0.2625771             42.39273             27.81165
      0.2633470             34.29544             27.73751
      0.2641170             16.85181             27.06524
      0.2648870            -1.364563             26.86555
      0.2656569             3.589081             26.82808
      0.2664269            -23.77728             26.03754
      0.2671970             31.76999             27.74910
      0.2679669            -10.73999             26.43534
      0.2687369             13.39456             27.29136
      0.2695069             6.672729             26.93838
      0.2702768             19.43637             27.28309
      0.2710468            -3.815430             26.93286
      0.2718168             24.95728             27.64601
      0.2725868             14.35001             27.24716
      0.2733568             26.69000             27.68557
      0.2741268             60.63907             28.56257
      0.2748967             48.58365             28.28049
      0.2756667             9.027283             27.27520
      0.2764367            -1.056366             27.02413
      0.2772067             15.20178             27.43106
      0.2779766             17.24820             27.47666
      0.2787466             2.702728             27.24412
      0.2795166            0.3936462             27.23366
      0.2802866            -14.58002             26.56102
      0.2810566             9.079987             27.33582
      0.2818266             5.126343             27.27129
      0.2825965             28.49271             28.07812
      0.2833665             17.78635             27.61869
      0.2841365            -16.62637             26.76200
      0.2849064            -8.898193             27.01175
      0.2856764             36.08636             28.07975
      0.2864465             52.94272             28.59533
      0.2872164             14.40634             27.62061
      0.2879864             38.25180             28.22870
      0.2887564             6.333649             27.43222
      0.2895263            -2.739075             27.05306
      0.2902963             3.647278             27.37956
      0.2910663             45.17273             28.42101
      0.2918363             24.00272             27.78864
      0.2926063             28.09543             27.79576
      0.2933763             39.28091             28.07326
      0.2941462             12.02457             27.43069
      0.2949162             36.62271             28.11732
      0.2956862             14.10181             27.61515
      0.2964562            -6.728210             27.04963
      0.2972261            -1.887299             27.22963
      0.2979961             20.28906             28.00800
      0.2987661             20.09909             27.98682
      0.2995361             25.66635             28.04355
      0.3003061             2.352722             27.41274
      0.3010761             7.074554             27.60418
      0.3018460             3.893646             27.58303
      0.3026160             4.867279             27.49474
      0.3033860          -0.05093384             27.30957
      0.3041559             34.92908             28.39408
      0.3049260             48.07455             28.61710
      0.3056960            -12.40457             27.00270
      0.3064659             4.842712             27.59107
      0.3072359            -5.177277             27.30009
      0.3080059             22.41635             28.18691
      0.3087758             21.34363             28.16015
      0.3095458             21.00821             28.03868
      0.3103158             13.19363             27.83408
      0.3110858             12.98178             27.86793
      0.3118558             16.02365             27.98309
      0.3126258            -7.554565             27.24886
      0.3133957             35.87820             28.22146
      0.3141657             7.171783             27.44543
      0.3149357             26.69272             28.02802
      0.3157057             33.05908             28.34590
      0.3164756             2.904572             27.46570
      0.3172456             3.429993             27.60450
      0.3180156             41.19363             28.49836
      0.3187856             48.38544             28.80296
      0.3195556             1.056366             27.73746
      0.3203256             27.77820             28.37474
      0.3210955             37.97455             28.47021
      0.3218655             6.299072             27.76715
      0.3226355            -4.948212             27.50424
      0.3234054            -3.639069             27.55142
      0.3241755            -33.54181             26.75968
      0.3249454             33.85999             28.41203
      0.3257154             16.80457             28.04766
      0.3264854             38.58820             28.57593
      0.3272554            0.8045654             27.65076
      0.3280253             8.835449             27.83947
      0.3287953             41.80457             28.69545
      0.3295653            -3.608215             27.65797
      0.3303353             35.58820             28.53867
      0.3311053            -25.18909             27.01055
      0.3318753             59.74457             29.19863
      0.3326452             3.358185             27.85690
      0.3334152            -1.317291             27.59331
      0.3341852             43.40909             28.85281
      0.3349552             59.72906             29.35626
      0.3357251             43.73999             28.93823
      0.3364951             16.26093             28.18503
      0.3372651             44.20999             28.85093
      0.3380351            -5.536377             27.72812
      0.3388051             20.60272             28.42073
      0.3395751             29.05090             28.62063
      0.3403450             47.08179             29.03971
      0.3411150             7.679993             28.17871
      0.3418850             29.40179             28.66806
      0.3426549             38.44363             28.86095
      0.3434249             28.56729             28.68042
      0.3441949             10.49637             28.27390
      0.3449649             7.624542             28.13162
      0.3457349             33.05728             28.69008
      0.3465049             46.02637             29.14492
      0.3472748             35.94907             28.82155
      0.3480448            -15.45728             27.82755
      0.3488148             17.14545             28.25291
      0.3495848             27.32635             28.69774
      0.3503547             20.77457             28.52468
      0.3511248             9.820923             28.20825
      0.3518947             39.12091             29.17826
      0.3526647            0.1717834             27.95435
      0.3534347            0.6063538             28.15012
      0.3542047             25.42093             28.56513
      0.3549746             27.92178             28.85096
      0.3557446             39.25272             29.27886
      0.3565146             32.38544             29.00376
      0.3572845            0.5972900             28.27370
      0.3580546             38.54636             29.12908
      0.3588246             4.042725             28.49677
      0.3595945             42.36728             29.39437
      0.3603645             13.30545             28.47469
      0.3611345            0.9036255             28.27020
      0.3619044             12.83090             28.69086
      0.3626744             5.897278             28.45860
      0.3634444             25.78271             28.76542
      0.3642144             29.54001             28.99745
      0.3649844            -3.398193             28.16207
      0.3657544             39.29272             29.09812
      0.3665243             37.78726             28.93478
      0.3672943             25.40543             28.67603
      0.3680643            -4.908203             28.06178
      0.3688343             20.51364             28.51658
      0.3696042             28.82272             28.84606
      0.3703743             41.54456             29.21671
      0.3711442            -8.000916             27.98772
      0.3719142             5.350006             28.42281
      0.3726842             36.84000             29.05300
      0.3734542             16.59909             28.72284
      0.3742241             24.89273             28.86503
      0.3749941             20.26999             28.82203
      0.3757641             16.80637             28.70158
      0.3765341             8.172729             28.59302
      0.3773041            -18.79001             28.02311
      0.3780740             20.29819             28.86108
      0.3788440             26.62909             29.32600
      0.3796140             32.90729             29.29175
      0.3803840             21.76364             29.15448
      0.3811539            -8.700012             28.41892
      0.3819239             6.315430             28.77623
      0.3826939            0.5581970             28.68599
      0.3834639             26.19180             29.10412
      0.3842339             18.67273             29.09748
      0.3850039           -0.7754517             28.64511
      0.3857738            -4.698212             28.54807
      0.3865438             21.94635             29.13968
      0.3873138             9.142700             28.96606
      0.3880838             10.67456             29.21087
      0.3888537            -3.047272             28.74150
      0.3896238             12.89093             29.07349
      0.3903937             18.21091             29.25239
      0.3911637             7.680908             29.11723
      0.3919337             28.71179             29.50748
      0.3927037             17.99908             29.11433
      0.3934736             47.72543             29.84843
      0.3942436            -5.749084             28.62388
      0.3950136             48.11179             29.94816
      0.3957836             7.606354             28.91394
      0.3965536             28.11636             29.31785
      0.3973235             33.34821             29.48161
      0.3980935            -11.45999             28.40139
      0.3988635             30.08090             29.50646
      0.3996335             26.26178             29.44714
      0.4004034             17.51999             29.14039
      0.4011734             1.685425             28.72459
      0.4019434             13.32999             29.29067
      0.4027134             6.232727             28.95588
      0.4034834             6.830902             29.15961
      0.4042534            0.5772705             28.89845
      0.4050233             16.12454             29.24380
      0.4057933            -3.906372             28.74953
      0.4065633             10.19543             29.08861
      0.4073333             6.839996             29.04654
      0.4081032             31.31454             29.41758
      0.4088733             40.19092             29.87075
      0.4096432            0.7536316             28.75252
      0.4104132             5.285431             28.93685
      0.4111832             1.929993             28.94690
      0.4119532             6.821808             29.26537
      0.4127231             14.87909             29.37211
      0.4134931             27.11090             29.73543
      0.4142631            -10.04822             28.86214
      0.4150331             26.94272             29.72485
      0.4158031            -2.220917             29.08276
      0.4165730             36.71091             29.82862
      0.4173430             1.000000             29.10741
      0.4181130            -19.50543             28.53746
      0.4188830            -1.763641             29.08672
      0.4196529             19.53000             29.68919
      0.4204229             38.03543             29.88296
      0.4211929             30.28906             29.92357
      0.4219629             33.66000             29.93957
      0.4227329             17.45456             29.55429
      0.4235029            -44.83002             27.94927
      0.4242728             21.42178             29.64080
      0.4250428            -5.417297             29.04475
      0.4258128            -1.938202             28.99355
      0.4265828             20.08179             29.61708
      0.4273528            -4.721802             28.84815
      0.4281228             46.64456             30.23066
      0.4288927             16.08820             29.61510
      0.4296627             31.75726             29.87114
      0.4304327            -1.969086             28.96951
      0.4312027             10.26273             29.42776
      0.4319726             7.388184             29.38211
      0.4327426             1.692719             29.34287
      0.4335126            -29.10635             28.34134
      0.4342826             61.22272             30.59752
      0.4350526             1.125427             29.23269
      0.4358225             20.05270             29.81237
      0.4365925            -3.499084             29.14817
      0.4373625             16.54727             29.61698
      0.4381325             16.26456             29.44111
      0.4389024             12.29544             29.49994
      0.4396724             30.42999             29.89363
      0.4404424             6.295441             29.30883
      0.4412124            -37.90094             28.32448
      0.4419824             45.89819             30.25706
      0.4427524            -17.01822             28.80118
      0.4435223             11.47180             29.61482
      0.4442923            -9.678192             29.04565
      0.4450623             25.04819             29.77699
      0.4458323             8.542725             29.47192
      0.4466023             17.68179             29.67624
      0.4473723             6.610901             29.46014
      0.4481422             27.22455             29.75254
      0.4489122             18.00821             29.56167
      0.4496822             21.06543             29.80776
      0.4504521             53.91544             30.49320
      0.4512221             8.286346             29.65659
      0.4519921            -8.450928             29.17494
      0.4527621             36.43179             30.23302
      0.4535321             37.13818             30.25276
      0.4543021             9.926361             29.49830
      0.4550720             29.64365             30.03489
      0.4558420             14.83820             29.64587
      0.4566120             14.56454             29.67942
      0.4573820             6.807281             29.33284
      0.4581519             26.43634             29.83837
      0.4589219             71.57092             31.06092
      0.4596919            -26.77365             28.63923
      0.4604619             11.91727             29.67287
      0.4612319             32.02090             30.26869
      0.4620019             25.69180             30.10751
      0.4627718             4.135437             29.56917
      0.4635418             24.16635             30.13426
      0.4643118             2.393646             29.53691
      0.4650818            -2.977295             29.53760
      0.4658518             9.548187             29.69318
      0.4666218             40.82635             30.36240
      0.4673917             15.42456             29.89020
      0.4681617             23.16180             30.02208
      0.4689317            -12.61728             29.18514
      0.4697016             9.742706             29.69619
      0.4704716             6.433624             29.60643
      0.4712416             55.78000             30.81767
      0.4720116             42.71820             30.60095
      0.4727816             45.68729             30.40505
      0.4735516             5.532715             29.58140
      0.4743215             4.645447             29.58429
      0.4750915             55.56821             30.86013
      0.4758615             30.10455             30.22363
      0.4766315             40.04727             30.37234
      0.4774014             13.72906             29.87169
      0.4781715             52.04907             30.63934
      0.4789414             7.729065             29.70985
      0.4797114             39.92545             30.54986
      0.4804814             39.28091             30.45348
      0.4812514             5.967285             29.79829
      0.4820213             21.75092             30.10249
      0.4827913             37.59180             30.39714
      0.4835613             18.40179             30.23515
      0.4843313             16.23636             29.97559
      0.4851013             28.32455             30.39934
      0.4858713             37.15909             30.52154
