n0 =          240
     0.02388324             447.7682             36.48130
     0.02465323             356.5500             34.86405
     0.02542320             389.3782             35.45642
     0.02619319             353.0100             34.66158
     0.02696316             376.7236             34.95850
     0.02773315             313.4591             33.62885
     0.02850312             330.8809             34.09143
     0.02927311             393.6427             35.17328
     0.03004308             381.2500             34.78012
     0.03081307             365.7027             34.42119
     0.03158304             300.2482             33.19218
     0.03235303             322.7627             33.54233
     0.03312300             305.8073             33.18545
     0.03389299             296.0745             33.03089
     0.03466296             310.2845             33.22573
     0.03543295             274.4700             32.44286
     0.03620292             324.7791             33.34663
     0.03697290             308.0309             32.96669
     0.03774288             342.5873             33.78588
     0.03851286             297.9673             32.61323
     0.03928284             336.1527             33.56386
     0.04005282             307.6891             33.05629
     0.04082280             317.3954             33.07683
     0.04159278             303.1064             32.90085
     0.04236276             309.7709             32.85585
     0.04313274             272.7709             32.34679
     0.04390272             290.5745             32.70016
     0.04467270             267.7691             32.09128
     0.04544269             309.4645             32.75954
     0.04621266             331.7164             33.33810
     0.04698265             328.5218             33.14339
     0.04775262             317.1973             33.03708
     0.04852261             338.7382             33.30965
     0.04929258             288.7073             32.33640
     0.05006257             326.5791             33.15701
     0.05083254             347.4027             33.78702
     0.05160253             317.3827             33.22303
     0.05237250             322.2173             33.20699
     0.05314249             337.2636             33.46415
     0.05391246             356.5327             33.84949
     0.05468245             328.3473             33.11000
     0.05545242             269.7845             32.09762
     0.05622241             404.2682             34.54725
     0.05699238             327.2882             33.03233
     0.05776237             339.2773             33.47716
     0.05853234             371.3809             33.96562
     0.05930233             314.9282             32.97009
     0.06007230             342.6855             33.48773
     0.06084229             386.4073             34.28325
     0.06161226             363.7737             33.83859
     0.06238224             327.4845             33.34363
     0.06315222             360.4227             33.84937
     0.06392220             351.8091             33.58136
     0.06469218             347.2836             33.51054
     0.06546216             357.6391             33.70947
     0.06623214             386.2064             34.31982
     0.06700212             336.1691             33.28505
     0.06777211             367.3127             33.86760
     0.06854208             402.5136             34.62823
     0.06931207             385.6791             34.18269
     0.07008204             385.4055             34.23162
     0.07085203             352.4827             33.52558
     0.07162200             367.8227             33.78218
     0.07239199             382.6682             34.08640
     0.07316196             408.1936             34.68620
     0.07393195             448.7764             35.24378
     0.07470192             333.0237             33.22461
     0.07547191             344.2000             33.39695
     0.07624188             391.8445             34.37513
     0.07701187             446.0255             35.40094
     0.07778184             435.4273             35.17214
     0.07855183             399.2263             34.49851
     0.07932180             381.5509             34.33899
     0.08009179             473.7318             35.81767
     0.08086176             399.0518             34.56131
     0.08163175             437.0409             35.21981
     0.08240172             447.0564             35.28716
     0.08317171             425.7164             34.98783
     0.08394168             483.1536             36.05089
     0.08471167             444.2573             35.42813
     0.08548164             441.4427             35.18721
     0.08625162             435.7827             35.17022
     0.08702160             423.4273             34.98144
     0.08779158             470.4073             35.79767
     0.08856156             553.9528             37.28902
     0.08933155             449.1582             35.39387
     0.09010153             418.9682             34.83239
     0.09087150             471.1227             35.74126
     0.09164147             491.7873             36.25383
     0.09241147             436.3036             35.03829
     0.09318145             411.1073             34.66064
     0.09395142             424.5555             35.01020
     0.09472139             479.2263             35.93470
     0.09549139             467.4227             35.70591
     0.09626137             433.4845             35.31996
     0.09703134             393.6655             34.40117
     0.09780131             397.2327             34.46366
     0.09857132             459.6655             35.77169
     0.09934129             452.0982             35.53965
      0.1001113             440.3036             35.36001
      0.1008812             451.7255             35.39346
      0.1016512             411.7364             34.73319
      0.1024212             429.3654             35.06546
      0.1031912             403.3545             34.49384
      0.1039612             422.6945             34.70886
      0.1047312             386.9000             34.22528
      0.1055011             394.0191             34.46845
      0.1062711             384.8755             34.23107
      0.1070411             342.7627             33.46851
      0.1078111             388.3300             34.33018
      0.1085811             369.4800             33.93849
      0.1093510             403.8927             34.70462
      0.1101210             380.6964             34.33693
      0.1108910             362.0673             33.97875
      0.1116610             365.5882             33.89389
      0.1124309             351.5109             33.54790
      0.1132009             354.6809             33.76947
      0.1139709             372.0100             33.99415
      0.1147409             357.1227             33.65583
      0.1155109             333.2863             33.27635
      0.1162808             340.6682             33.37203
      0.1170508             306.7009             32.68048
      0.1178208             305.5618             32.62946
      0.1185908             342.6236             33.45888
      0.1193608             353.5882             33.55674
      0.1201307             318.2836             33.04624
      0.1209007             327.9636             33.43164
      0.1216707             301.8709             32.73547
      0.1224407             334.4491             33.29861
      0.1232107             284.9854             32.43367
      0.1239807             288.4091             32.43997
      0.1247506             311.0891             32.81867
      0.1255206             323.8973             33.04599
      0.1262906             313.6500             32.98487
      0.1270606             275.9500             32.25314
      0.1278306             276.1709             32.24054
      0.1286005             277.7118             32.16464
      0.1293705             289.0627             32.47958
      0.1301405             250.9345             31.79321
      0.1309105             292.9964             32.72201
      0.1316804             296.0627             32.50169
      0.1324504             298.1400             32.53179
      0.1332204             324.4182             33.13516
      0.1339904             289.1291             32.49394
      0.1347604             264.2991             31.97381
      0.1355303             316.8091             32.87766
      0.1363003             254.2064             31.76049
      0.1370703             278.5527             32.17018
      0.1378403             286.8709             32.31057
      0.1386103             306.9218             32.82436
      0.1393802             237.8600             31.45247
      0.1401502             314.1800             32.89422
      0.1409202             290.4736             32.53769
      0.1416902             289.0255             32.10828
      0.1424602             213.3455             30.78844
      0.1432302             281.7473             32.32718
      0.1440001             248.7627             31.59019
      0.1447701             224.7582             31.11746
      0.1455401             247.8354             31.57091
      0.1463101             234.7445             31.41049
      0.1470800             213.6164             30.98789
      0.1478500             261.9254             32.07186
      0.1486200             236.4618             31.55903
      0.1493900             258.3073             32.00095
      0.1501600             221.4109             31.24201
      0.1509299             230.7773             31.43732
      0.1516999             225.9473             31.27874
      0.1524699             208.6318             30.90976
      0.1532399             222.9873             31.17900
      0.1540099             225.1418             31.28427
      0.1547798             242.3473             31.63485
      0.1555498             225.8418             31.17901
      0.1563198             271.5791             32.02525
      0.1570898             165.8882             29.93856
      0.1578598             251.6873             31.79675
      0.1586298             189.9236             30.31822
      0.1593997             202.5618             30.63082
      0.1601697             221.6855             31.07856
      0.1609397             232.9591             31.29595
      0.1617097             270.2173             32.11676
      0.1624797             202.6145             30.59682
      0.1632496             202.6100             30.58339
      0.1640196             187.4355             30.36849
      0.1647896             207.4664             30.80165
      0.1655596             192.5854             30.66887
      0.1663295             173.8791             30.24639
      0.1670995             180.7927             30.35564
      0.1678695             183.3555             30.53617
      0.1686395             166.6027             30.05323
      0.1694095             190.7991             30.67831
      0.1701794             200.5564             30.76220
      0.1709494             194.0245             30.76783
      0.1717194             157.8082             29.86037
      0.1724894             183.2100             30.29383
      0.1732594             192.6736             30.62056
      0.1740293             182.4045             30.33559
      0.1747993             143.0600             29.39083
      0.1755693             169.7863             30.09517
      0.1763393             164.3336             30.02318
      0.1771093             152.9582             29.68229
      0.1778793             128.8609             29.07628
      0.1786492             167.1500             30.22842
      0.1794192             125.6664             29.24734
      0.1801892             110.1454             29.02652
      0.1809592             146.5582             29.75200
      0.1817292             128.3373             29.45823
      0.1824991             143.6064             29.77655
      0.1832691             135.3900             29.59681
      0.1840391             131.2509             29.38190
      0.1848091             155.5136             30.07259
      0.1855790             117.5645             29.14607
      0.1863490             135.7964             29.54378
      0.1871190             110.6109             29.04656
      0.1878890             126.7700             29.31057
      0.1886590             120.6727             29.29839
      0.1894289             86.51364             28.29353
      0.1901989             120.4936             29.31477
      0.1909689             157.3855             30.13575
      0.1917389             114.8382             28.96999
      0.1925089             110.5445             29.03056
      0.1932788             95.30182             28.80541
      0.1940488             136.2045             29.73002
      0.1948188             93.73001             28.60044
      0.1955888             105.4100             28.75093
      0.1963588             74.20453             28.16088
      0.1971288             90.91089             28.54699
      0.1978987             89.52908             28.50098
      0.1986687             70.86911             28.03663
      0.1994387             54.73001             27.60263
      0.2002087             109.0300             29.02491
      0.2009787             55.36545             27.78694
      0.2017486             82.90634             28.49150
      0.2025186             50.35001             27.68447
      0.2032886             70.45819             28.11014
      0.2040586             10.19547             26.66662
      0.2048285             48.02090             27.67246
      0.2055985             48.01001             27.47572
      0.2063685             18.90182             26.86933
      0.2071385             6.952728             26.44219
      0.2079085             46.10272             27.48431
      0.2086784             32.41180             27.30619
      0.2094484             37.72089             27.21264
      0.2102184             67.68542             28.16417
      0.2109884             25.57727             26.94551
      0.2117584             32.86636             27.31291
      0.2125283             15.83545             26.81330
      0.2132983          -0.01000977             26.39175
      0.2140683             19.73819             26.93809
      0.2148383            -11.27274             26.10996
      0.2156083             31.24820             27.23318
      0.2163783             24.37634             26.95187
      0.2171482            -11.29907             26.15165
      0.2179182             20.04089             26.92720
      0.2186882             12.28818             26.62178
      0.2194582             18.61270             26.79622
      0.2202282             32.64816             27.09901
      0.2209981             36.84454             27.26478
      0.2217681             13.11182             26.61616
      0.2225381             3.060883             26.38092
      0.2233081             16.71637             26.79078
      0.2240780             47.50000             27.48716
      0.2248480             4.299072             26.52469
      0.2256180             7.093628             26.53499
      0.2263880             8.749084             26.84340
      0.2271580             35.97635             27.50847
      0.2279279             25.05365             27.10793
      0.2286979             12.29181             26.78679
      0.2294679             28.53906             27.35928
      0.2302379            -8.549072             26.37832
      0.2310079            -16.99274             26.06923
      0.2317779             41.76001             27.52583
      0.2325478             9.492706             26.85406
      0.2333178            -1.094574             26.49475
      0.2340878             11.57455             26.60693
      0.2348578             49.65634             27.82834
      0.2356278             17.38727             26.99754
      0.2363977             20.05820             27.10534
      0.2371677            -3.540009             26.35499
      0.2379377             46.97635             27.58711
      0.2387077            -6.341797             26.35559
      0.2394776             14.05545             26.76434
      0.2402476            -24.24908             26.00251
      0.2410176            -18.79636             26.02886
      0.2417876             10.68271             26.93697
      0.2425576             17.46637             27.04614
      0.2433275             17.88998             27.16254
      0.2440975            -19.85635             26.08722
      0.2448675             2.194550             26.56331
      0.2456375            -33.73907             25.55741
      0.2464075            -12.03271             26.13190
      0.2471774             3.044556             26.78435
      0.2479474             13.23001             26.92533
      0.2487174            -24.19821             25.84856
      0.2494874             4.596344             26.57080
      0.2502574            -12.02179             26.43941
      0.2510273             15.48364             27.06286
      0.2517973             20.27179             27.21811
      0.2525673             1.726349             26.60857
      0.2533373             18.43729             27.15353
      0.2541073             16.63364             27.05708
      0.2548773            -25.53180             25.86486
      0.2556472             9.529999             26.90091
      0.2564172             5.128204             26.95193
      0.2571872             32.61819             27.34659
      0.2579572             9.618195             26.85257
      0.2587271             37.26273             27.66943
      0.2594971            -7.313629             26.52908
      0.2602671            -5.309082             26.66255
      0.2610371             8.752716             26.88059
      0.2618071            -23.49908             26.11746
      0.2625771            -4.607269             26.60155
      0.2633470            -28.70456             26.08148
      0.2641170             12.85181             26.96182
      0.2648870            -2.364563             26.83910
      0.2656569            -6.410919             26.56382
      0.2664269            -10.77728             26.38929
      0.2671970            -4.230011             26.81808
      0.2679669             23.26001             27.32298
      0.2687369             17.39456             27.39437
      0.2695069            -19.32727             26.24830
      0.2702768            -29.56363             25.98656
      0.2710468             55.18457             28.42869
      0.2718168            -32.04272             26.14170
      0.2725868             1.350006             26.91037
      0.2733568             19.69000             27.50777
      0.2741268             46.63907             28.22058
      0.2748967             20.58365             27.58212
      0.2756667            -29.97272             26.24348
      0.2764367             8.943634             27.28407
      0.2772067            -18.79822             26.54100
      0.2779766             14.24820             27.39996
      0.2787466            -3.297272             27.08774
      0.2795166             2.393646             27.28565
      0.2802866            -21.58002             26.37433
      0.2810566            -10.92001             26.81519
      0.2818266             4.126343             27.24545
      0.2825965            -7.507294             27.15569
      0.2833665            -6.213654             26.99976
      0.2841365             7.373627             27.39020
      0.2849064            -4.898193             27.11644
      0.2856764             6.086365             27.32297
      0.2864465             3.942719             27.37205
      0.2872164            -16.59366             26.81626
      0.2879864             3.251801             27.34628
      0.2887564             1.333649             27.30321
      0.2895263             12.26093             27.44012
      0.2902963             23.64728             27.88991
      0.2910663            -7.827271             27.07576
      0.2918363             14.00272             27.53512
      0.2926063             21.09543             27.61955
      0.2933763            -8.719086             26.84951
      0.2941462             23.02457             27.70938
      0.2949162             15.62271             27.59128
      0.2956862             35.10181             28.14251
      0.2964562             6.271790             27.38688
      0.2972261             1.112701             27.30735
      0.2979961             18.28906             27.95762
      0.2987661            -27.90091             26.74183
      0.2995361             32.66635             28.21737
      0.3003061            0.3527222             27.36138
      0.3010761             2.074554             27.47635
      0.3018460             26.89365             28.16356
      0.3026160            -28.13272             26.63028
      0.3033860            -36.05093             26.35661
      0.3041559            -2.070923             27.46003
      0.3049260            -12.92545             27.08230
      0.3056960             1.595428             27.36516
      0.3064659            0.8427124             27.48861
      0.3072359            -7.177277             27.24831
      0.3080059            -16.58365             27.19083
      0.3087758             7.343628             27.80749
      0.3095458             1.008209             27.53227
      0.3103158             10.19363             27.75817
      0.3110858             43.98178             28.63685
      0.3118558             14.02365             27.93271
      0.3126258             22.44543             28.01348
      0.3133957           -0.1217957             27.31555
      0.3141657             18.17178             27.72412
      0.3149357             18.69272             27.82802
      0.3157057             3.059082             27.59198
      0.3164756            -8.095428             27.18186
      0.3172456             4.429993             27.63010
      0.3180156            -23.80637             26.84590
      0.3187856             37.38544             28.53569
      0.3195556            -13.94363             27.35041
      0.3203256            -32.22180             26.83457
      0.3210955            -28.02545             26.79338
      0.3218655            -43.70093             26.45602
      0.3226355            -4.948212             27.50424
      0.3234054            -5.639069             27.49998
      0.3241755             9.458191             27.87864
      0.3249454             10.85999             27.83947
      0.3257154             4.804565             27.74538
      0.3264854             1.588196             27.65470
      0.3272554             11.80457             27.92945
      0.3280253            -16.16455             27.19772
      0.3287953             31.80457             28.45147
      0.3295653             22.39178             28.31466
      0.3303353             5.588196             27.79227
      0.3311053             23.81091             28.26063
      0.3318753            -22.25543             27.15870
      0.3326452             19.35818             28.25792
      0.3334152            -20.31729             27.10302
      0.3341852            -16.59091             27.34987
      0.3349552             5.729065             28.03654
      0.3357251            -30.26001             27.07213
      0.3364951            -14.73907             27.39849
      0.3372651            -11.79001             27.45877
      0.3380351             6.463623             28.03156
      0.3388051            -12.39728             27.58982
      0.3395751             35.05090             28.76667
      0.3403450            -22.91821             27.29241
      0.3411150            -9.320007             27.74799
      0.3418850            -19.59821             27.43551
      0.3426549            -36.55637             26.96595
      0.3434249             19.56729             28.45965
      0.3441949            -2.503632             27.94787
      0.3449649             7.624542             28.13162
      0.3457349            -10.94272             27.59377
      0.3465049             4.026367             28.11622
      0.3472748             6.949066             28.10838
      0.3480448             6.542725             28.38533
      0.3488148            -21.85455             27.26582
      0.3495848            0.3263550             28.02889
      0.3503547             26.77457             28.67159
      0.3511248             11.82092             28.25801
      0.3518947            -11.87909             27.91598
      0.3526647             25.17178             28.57441
      0.3534347             16.60635             28.54766
      0.3542047            -13.57907             27.59287
      0.3549746            -18.07822             27.70478
      0.3557446            -38.74728             27.32653
      0.3565146            -5.614563             28.06631
      0.3572845            -14.40271             27.89464
      0.3580546             4.546356             28.30038
      0.3588246            -1.957275             28.34733
      0.3595945            -42.63272             27.27036
      0.3603645            -3.694550             28.05307
      0.3611345            -2.096375             28.19534
      0.3619044            -5.169098             28.24361
      0.3626744            -19.10272             27.82838
      0.3634444            -26.21729             27.46146
      0.3642144             3.540009             28.35845
      0.3649844             27.60181             28.92816
      0.3657544             5.292725             28.26844
      0.3665243            -26.21274             27.33949
      0.3672943             31.40543             28.82155
      0.3680643             14.09180             28.53533
      0.3688343             19.51364             28.49208
      0.3696042             45.82272             29.25433
      0.3703743            -9.455444             27.96058
      0.3711442            -15.00092             27.80969
      0.3719142            -30.64999             27.50639
      0.3726842            -4.160004             28.04699
      0.3734542            -24.40091             27.69428
      0.3742241             3.892731             28.34987
      0.3749941             11.26999             28.60206
      0.3757641             25.80637             28.91999
      0.3765341             24.17273             28.98339
      0.3773041             8.209991             28.69778
      0.3780740             6.298187             28.51950
      0.3788440            -15.37091             28.29357
      0.3796140            -19.09271             28.01483
      0.3803840             8.763641             28.83899
      0.3811539            -51.70001             27.31483
      0.3819239            -24.68457             28.00157
      0.3826939            -9.441803             28.43784
      0.3834639             16.19180             28.86327
      0.3842339            -43.32727             27.54631
      0.3850039             15.22455             29.03549
      0.3857738             27.30179             29.32524
      0.3865438            -15.05365             28.23297
      0.3873138             18.14270             29.18371
      0.3880838             2.674561             29.01615
      0.3888537             5.952728             28.96200
      0.3896238             31.89093             29.52770
      0.3903937            -3.789093             28.71750
      0.3911637            -1.319092             28.89778
      0.3919337             11.71179             29.10109
      0.3927037             5.999084             28.82396
      0.3934736            -7.274567             28.52849
      0.3942436            -14.74908             28.39985
      0.3950136             10.11179             29.04524
      0.3957836             19.60635             29.20431
      0.3965536             35.11636             29.48386
      0.3973235             14.34821             29.02687
      0.3980935             3.540009             28.77158
      0.3988635            -21.91910             28.23414
      0.3996335            -2.738220             28.74492
      0.4004034             1.519989             28.75231
      0.4011734            -10.31458             28.42898
      0.4019434             9.329987             29.19399
      0.4027134             43.23273             29.83553
      0.4034834            -4.169098             28.89108
      0.4042534             12.57727             29.19019
      0.4050233             4.124542             28.95377
      0.4057933             47.09363             29.96640
      0.4065633             26.19543             29.47264
      0.4073333             34.84000             29.71634
      0.4081032             7.314545             28.84283
      0.4088733            -9.809082             28.66744
      0.4096432             42.75363             29.75394
      0.4104132            -13.71457             28.47076
      0.4111832             25.92999             29.52297
      0.4119532             7.821808             29.28955
      0.4127231            -26.12091             28.36610
      0.4134931            -9.889099             28.84255
      0.4142631             16.95178             29.51669
      0.4150331             21.94272             29.60680
      0.4158031             30.77908             29.86905
      0.4165730            -5.289093             28.82720
      0.4173430            -12.00000             28.79004
      0.4181130             29.49457             29.72013
      0.4188830             47.23636             30.24662
      0.4196529            -3.470001             29.13552
      0.4204229            -4.964569             28.85826
      0.4211929            -3.710938             29.11206
      0.4219629            -12.34000             28.83769
      0.4227329             19.45456             29.60169
      0.4235029            -36.83002             28.15340
      0.4242728            -16.57822             28.72002
      0.4250428             5.582703             29.31139
      0.4258128            -23.93820             28.45157
      0.4265828             9.081787             29.35443
      0.4273528             23.27820             29.52026
      0.4281228            -18.35544             28.67934
      0.4288927            -2.911804             29.15827
      0.4296627             2.757263             29.18096
      0.4304327             13.03091             29.33099
      0.4312027            -5.737274             29.04059
      0.4319726             8.388184             29.40607
      0.4327426             18.69272             29.74881
      0.4335126             17.89365             29.48506
      0.4342826             9.222717             29.38741
      0.4350526            -17.87457             28.76883
      0.4358225             12.05270             29.62233
      0.4365925            -41.49908             28.20263
      0.4373625             33.54727             30.01703
      0.4381325            -9.735443             28.81485
      0.4389024            -4.704559             29.09073
      0.4396724             34.42999             29.98678
      0.4404424             36.29544             30.01683
      0.4412124             18.09906             29.69642
      0.4419824             10.89819             29.43695
      0.4427524            -12.01822             28.92398
      0.4435223             6.471802             29.49544
      0.4442923             5.321808             29.40882
      0.4450623            -11.95181             28.88927
      0.4458323             30.54272             29.99224
      0.4466023             1.681793             29.29353
      0.4473723            -8.389099             29.09781
      0.4481422            -1.775452             29.06314
      0.4489122             10.00821             29.37184
      0.4496822             27.06543             29.94840
      0.4504521            -12.08456             28.93824
      0.4512221             12.28635             29.75193
      0.4519921             15.54907             29.75168
      0.4527621             1.431793             29.40837
      0.4535321            -4.861816             29.26033
      0.4543021            -4.073639             29.16228
      0.4550720            -8.356354             29.13196
      0.4558420             42.83820             30.29941
      0.4566120             9.564545             29.56044
      0.4573820            -11.19272             28.89779
      0.4581519             44.43634             30.25530
      0.4589219            -17.42908             28.98025
      0.4596919             9.226349             29.51359
      0.4604619            0.9172668             29.41051
      0.4612319           0.02090454             29.51432
      0.4620019             29.69180             30.20046
      0.4627718            -18.86456             29.01357
      0.4635418             19.16635             30.01738
      0.4643118             15.39365             29.84487
      0.4650818             8.022705             29.79995
      0.4658518            -13.45181             29.14144
      0.4666218            -14.17365             29.06471
      0.4673917             5.424561             29.65370
      0.4681617             31.16180             30.20778
      0.4689317             12.38272             29.78419
      0.4697016             16.74271             29.86164
      0.4704716            -10.56638             29.19769
      0.4712416             10.78000             29.77898
      0.4720116             22.71820             30.13917
      0.4727816             45.68729             30.40505
      0.4735516            -17.46729             29.02710
      0.4743215             16.64545             29.86840
      0.4750915             8.568207             29.77292
      0.4758615             14.10455             29.84981
      0.4766315            -12.95273             29.12048
      0.4774014            -3.270935             29.46760
      0.4781715            -17.95093             28.99730
      0.4789414            -12.27094             29.23035
      0.4797114            -35.07455             28.76151
      0.4804814            -10.71909             29.27713
      0.4812514             12.96729             29.96356
      0.4820213             5.750916             29.72660
      0.4827913            -6.408203             29.36660
      0.4835613            -5.598206             29.66815
      0.4843313            -6.763641             29.43070
      0.4851013             15.32455             30.09741
      0.4858713            -7.840912             29.46698
