n0 =          240
     0.02388324             345.7682             34.64357
     0.02465323             371.5500             35.14060
     0.02542320             312.3782             34.02060
     0.02619319             372.0100             35.01380
     0.02696316             351.7236             34.49408
     0.02773315             322.4591             33.80199
     0.02850312             377.8809             34.97318
     0.02927311             313.6427             33.66939
     0.03004308             334.2500             33.89837
     0.03081307             295.7027             33.08053
     0.03158304             338.2482             33.92683
     0.03235303             361.7627             34.28448
     0.03312300             326.8073             33.59371
     0.03389299             304.0745             33.18851
     0.03466296             265.2845             32.32881
     0.03543295             293.4700             32.82272
     0.03620292             303.7791             32.93650
     0.03697290             277.0309             32.35033
     0.03774288             339.5873             33.72838
     0.03851286             278.9673             32.23338
     0.03928284             292.1527             32.70148
     0.04005282             317.6891             33.25241
     0.04082280             351.3954             33.73267
     0.04159278             345.1064             33.71776
     0.04236276             313.7709             32.93442
     0.04313274             321.7709             33.32038
     0.04390272             311.5745             33.11636
     0.04467270             330.7691             33.34417
     0.04544269             342.4645             33.40258
     0.04621266             335.7164             33.41566
     0.04698265             349.5218             33.54829
     0.04775262             360.1973             33.86626
     0.04852261             342.7382             33.38669
     0.04929258             372.7073             33.96712
     0.05006257             305.5791             32.74531
     0.05083254             317.4027             33.20531
     0.05160253             304.3827             32.96700
     0.05237250             297.2173             32.71383
     0.05314249             405.2636             34.74594
     0.05391246             341.5327             33.56261
     0.05468245             322.3473             32.99323
     0.05545242             309.7845             32.89901
     0.05622241             388.2682             34.25074
     0.05699238             342.2882             33.32306
     0.05776237             364.2773             33.95601
     0.05853234             347.3809             33.50877
     0.05930233             377.9282             34.17972
     0.06007230             341.6855             33.46846
     0.06084229             332.4073             33.25592
     0.06161226             372.7737             34.00862
     0.06238224             334.4845             33.47961
     0.06315222             363.4227             33.90633
     0.06392220             361.8091             33.77198
     0.06469218             366.2836             33.87260
     0.06546216             397.6391             34.46066
     0.06623214             394.2064             34.46869
     0.06700212             374.1691             34.01107
     0.06777211             394.3127             34.37445
     0.06854208             358.5136             33.80190
     0.06931207             365.6791             33.80606
     0.07008204             374.4055             34.02499
     0.07085203             384.4827             34.13166
     0.07162200             353.8227             33.51550
     0.07239199             418.6682             34.75312
     0.07316196             374.1936             34.05216
     0.07393195             397.7764             34.31345
     0.07470192             385.0237             34.21675
     0.07547191             377.2000             34.02491
     0.07624188             355.8445             33.69667
     0.07701187             352.0255             33.66049
     0.07778184             452.4273             35.47758
     0.07855183             469.2263             35.76427
     0.07932180             372.5509             34.16981
     0.08009179             468.7318             35.72942
     0.08086176             426.0518             35.05610
     0.08163175             373.0409             34.04000
     0.08240172             395.0564             34.33890
     0.08317171             400.7164             34.52970
     0.08394168             422.1536             34.96035
     0.08471167             405.2573             34.71864
     0.08548164             409.4427             34.60527
     0.08625162             423.7827             34.95257
     0.08702160             410.4273             34.74369
     0.08779158             400.4073             34.53357
     0.08856156             422.9527             34.99772
     0.08933155             422.1582             34.90560
     0.09010153             370.9682             33.94093
     0.09087150             454.1227             35.43932
     0.09164147             419.7873             34.96859
     0.09241147             439.3036             35.09240
     0.09318145             433.1073             35.06178
     0.09395142             468.5555             35.80003
     0.09472139             429.2263             35.04230
     0.09549139             386.4227             34.23484
     0.09626137             399.4845             34.69834
     0.09703134             383.6655             34.21496
     0.09780131             356.2327             33.69395
     0.09857132             400.6655             34.70317
     0.09934129             412.0982             34.81601
      0.1001113             363.3036             33.93700
      0.1008812             343.7255             33.38933
      0.1016512             403.7364             34.58595
      0.1024212             318.3654             32.97285
      0.1031912             318.3545             32.87572
      0.1039612             374.6945             33.81924
      0.1047312             385.9000             34.20657
      0.1055011             381.0191             34.22561
      0.1062711             396.8755             34.45452
      0.1070411             381.7627             34.20906
      0.1078111             377.3300             34.12442
      0.1085811             371.4800             33.97620
      0.1093510             431.8927             35.21551
      0.1101210             337.6964             33.51923
      0.1108910             342.0673             33.59638
      0.1116610             318.5882             32.98890
      0.1124309             345.5109             33.43295
      0.1132009             381.6809             34.27957
      0.1139709             337.0100             33.32570
      0.1147409             332.1227             33.17451
      0.1155109             336.2863             33.33463
      0.1162808             316.6682             32.90385
      0.1170508             287.7009             32.30153
      0.1178208             343.5618             33.37136
      0.1185908             309.6236             32.81535
      0.1193608             356.5882             33.61395
      0.1201307             339.2836             33.45481
      0.1209007             344.9636             33.76064
      0.1216707             360.8709             33.88187
      0.1224407             308.4491             32.79025
      0.1232107             369.9854             34.08821
      0.1239807             322.4091             33.11201
      0.1247506             333.0891             33.24816
      0.1255206             284.8973             32.27298
      0.1262906             320.6500             33.12221
      0.1270606             312.9500             32.99116
      0.1278306             304.1709             32.80147
      0.1286005             276.7118             32.14439
      0.1293705             279.0627             32.27828
      0.1301405             294.9345             32.68630
      0.1309105             316.9964             33.19675
      0.1316804             295.0627             32.48175
      0.1324504             329.1400             33.14144
      0.1332204             284.4182             32.34263
      0.1339904             370.1291             34.06935
      0.1347604             335.2991             33.38705
      0.1355303             292.8091             32.40181
      0.1363003             289.2064             32.47292
      0.1370703             311.5527             32.82840
      0.1378403             251.8709             31.59636
      0.1386103             260.9218             31.89600
      0.1393802             309.8600             32.91794
      0.1401502             308.1800             32.77582
      0.1409202             250.4736             31.72176
      0.1416902             251.0255             31.33316
      0.1424602             299.3455             32.56292
      0.1432302             267.7473             32.04282
      0.1440001             281.7627             32.26583
      0.1447701             263.7582             31.92973
      0.1455401             278.8354             32.20614
      0.1463101             267.7445             32.09187
      0.1470800             269.6164             32.15288
      0.1478500             239.9254             31.61782
      0.1486200             277.4618             32.40064
      0.1493900             228.3073             31.37806
      0.1501600             265.4109             32.15489
      0.1509299             249.7773             31.83231
      0.1516999             254.9473             31.88165
      0.1524699             254.6318             31.87502
      0.1532399             252.9873             31.80514
      0.1540099             227.1418             31.32645
      0.1547798             272.3473             32.25140
      0.1555498             247.8418             31.63937
      0.1563198             230.5791             31.17791
      0.1570898             240.8882             31.55704
      0.1578598             224.6873             31.23250
      0.1586298             253.9236             31.67711
      0.1593997             271.5618             32.07844
      0.1601697             222.6855             31.09982
      0.1609397             230.9591             31.25384
      0.1617097             214.2173             30.94873
      0.1624797             224.6145             31.06717
      0.1632496             236.6100             31.30573
      0.1640196             226.4355             31.20583
      0.1647896             181.4664             30.23693
      0.1655596             176.5854             30.31837
      0.1663295             184.8791             30.48864
      0.1670995             187.7927             30.50876
      0.1678695             179.3555             30.44855
      0.1686395             160.6027             29.91947
      0.1694095             243.7991             31.80097
      0.1701794             204.5564             30.84811
      0.1709494             202.0245             30.94061
      0.1717194             216.8082             31.14775
      0.1724894             163.2100             29.85143
      0.1732594             185.6736             30.46802
      0.1740293             233.4045             31.42970
      0.1747993             169.0600             29.97638
      0.1755693             206.7863             30.90309
      0.1763393             197.3336             30.74789
      0.1771093             199.9582             30.71759
      0.1778793             181.8609             30.26719
      0.1786492             98.14999             28.64189
      0.1794192             153.6664             29.88508
      0.1801892             195.1454             30.93949
      0.1809592             155.5582             29.95457
      0.1817292             182.3373             30.66735
      0.1824991             148.6064             29.88932
      0.1832691             148.3900             29.89121
      0.1840391             124.2509             29.22105
      0.1848091             156.5136             30.09492
      0.1855790             140.5645             29.67460
      0.1863490             153.7964             29.95079
      0.1871190             118.6109             29.23326
      0.1878890             130.7700             29.40263
      0.1886590             152.6727             30.02803
      0.1894289             95.51364             28.50892
      0.1901989             129.4936             29.52201
      0.1909689             120.3855             29.29599
      0.1917389             67.83817             27.84478
      0.1925089             113.5445             29.10069
      0.1932788             136.3018             29.76095
      0.1940488             93.20453             28.72785
      0.1948188             93.73001             28.60044
      0.1955888             123.4100             29.17104
      0.1963588             112.2045             29.06791
      0.1971288             38.91089             27.26386
      0.1978987             111.5291             29.02189
      0.1986687             83.86911             28.35286
      0.1994387             103.7300             28.79225
      0.2002087             78.03000             28.28628
      0.2009787             44.36545             27.51107
      0.2017486             69.90634             28.17563
      0.2025186             59.35001             27.90877
      0.2032886             50.45819             27.61503
      0.2040586             97.19547             28.84076
      0.2048285             70.02090             28.21709
      0.2055985             77.01001             28.19150
      0.2063685             90.90182             28.66441
      0.2071385             47.95273             27.50191
      0.2079085             76.10272             28.22614
      0.2086784             69.41180             28.23318
      0.2094484             60.72089             27.79023
      0.2102184             23.68542             27.05539
      0.2109884             17.57727             26.73756
      0.2117584             17.86636             26.92533
      0.2125283             36.83545             27.35522
      0.2132983             22.98999             26.99751
      0.2140683             67.73819             28.14775
      0.2148383             25.72726             27.09010
      0.2156083             13.24820             26.76651
      0.2163783             46.37634             27.51327
      0.2171482             33.70093             27.33891
      0.2179182             60.04089             27.94288
      0.2186882             56.28818             27.74786
      0.2194582             45.61270             27.48932
      0.2202282             22.64816             26.84046
      0.2209981             34.84454             27.21369
      0.2217681             42.11182             27.36658
      0.2225381             2.060883             26.35418
      0.2233081             13.71637             26.71210
      0.2240780             34.50000             27.15779
      0.2248480             44.29907             27.56063
      0.2256180            -1.906372             26.29531
      0.2263880             33.74908             27.49115
      0.2271580             11.97635             26.88954
      0.2279279             55.05365             27.86568
      0.2286979             14.29181             26.83899
      0.2294679             12.53906             26.94558
      0.2302379             41.45093             27.68051
      0.2310079             13.00726             26.87120
      0.2317779             41.76001             27.52583
      0.2325478             28.49271             27.34632
      0.2333178             43.90543             27.65640
      0.2340878             64.57455             27.94872
      0.2348578             25.65634             27.21984
      0.2356278             15.38727             26.94527
      0.2363977             35.05820             27.49087
      0.2371677             33.45999             27.32298
      0.2379377             3.976349             26.48009
      0.2387077             21.65820             27.09155
      0.2394776            -11.94455             26.07523
      0.2402476             32.75092             27.50893
      0.2410176             16.20364             26.96257
      0.2417876             1.682709             26.69930
      0.2425576            -11.53363             26.27694
      0.2433275             28.88998             27.44563
      0.2440975            -10.85635             26.33109
      0.2448675             22.19455             27.08535
      0.2456375             29.26093             27.23925
      0.2464075             24.96729             27.10658
      0.2471774             24.04456             27.33213
      0.2479474             63.23001             28.18867
      0.2487174             10.80179             26.78899
      0.2494874             31.59634             27.27039
      0.2502574            -1.021790             26.73404
      0.2510273             14.48364             27.03688
      0.2517973             13.27179             27.03652
      0.2525673             51.72635             27.88669
      0.2533373             13.43729             27.02383
      0.2541073            -10.36636             26.34494
      0.2548773           -0.5317993             26.54040
      0.2556472            -17.47000             26.18072
      0.2564172             25.12820             27.47115
      0.2571872            -4.381805             26.38517
      0.2579572            -6.381805             26.42973
      0.2587271             22.26273             27.28792
      0.2594971            -18.31363             26.23318
      0.2602671            0.6909180             26.82177
      0.2610371             8.752716             26.88059
      0.2618071            -19.49908             26.22641
      0.2625771             51.39273             28.03513
      0.2633470             4.295441             26.96686
      0.2641170             15.85181             27.03943
      0.2648870             22.63544             27.48948
      0.2656569            0.5890808             26.74919
      0.2664269             9.222717             26.91786
      0.2671970             28.76999             27.67320
      0.2679669             8.260010             26.93643
      0.2687369             30.39456             27.72544
      0.2695069            -2.327271             26.70235
      0.2702768             20.43637             27.30865
      0.2710468             30.18457             27.80863
      0.2718168            0.9572754             27.02708
      0.2725868             25.35001             27.52766
      0.2733568             7.690002             27.19915
      0.2741268             23.63907             27.64589
      0.2748967             32.58365             27.88441
      0.2756667             8.027283             27.24943
      0.2764367             20.94363             27.59147
      0.2772067            -28.79822             26.27102
      0.2779766             3.248199             27.11613
      0.2787466             4.702728             27.29597
      0.2795166             7.393646             27.41501
      0.2802866             6.419983             27.11029
      0.2810566             18.07999             27.56561
      0.2818266             22.12634             27.70536
      0.2825965             8.492706             27.57106
      0.2833665             31.78635             27.97092
      0.2841365             32.37363             28.02365
      0.2849064             41.10181             28.28160
      0.2856764             24.08636             27.78049
      0.2864465            -15.05728             26.87645
      0.2872164             33.40634             28.09774
      0.2879864             33.25180             28.10501
      0.2887564             41.33365             28.31240
      0.2895263             34.26093             27.99434
      0.2902963            -14.35272             26.90844
      0.2910663            -18.82727             26.78445
      0.2918363             17.00272             27.61152
      0.2926063             10.09543             27.33942
      0.2933763             27.28091             27.77437
      0.2941462             16.02457             27.53248
      0.2949162             9.622711             27.43839
      0.2956862             10.10181             27.51309
      0.2964562             44.27179             28.34074
      0.2972261             13.11270             27.61515
      0.2979961             23.28906             28.08333
      0.2987661             10.09909             27.73395
      0.2995361             4.666351             27.51284
      0.3003061            0.3527222             27.36138
      0.3010761             24.07455             28.03270
      0.3018460             6.893646             27.65973
      0.3026160             9.867279             27.62240
      0.3033860             17.94907             27.76889
      0.3041559             2.929077             27.58887
      0.3049260             3.074554             27.49655
      0.3056960             8.595428             27.54388
      0.3064659             16.84271             27.89529
      0.3072359             15.82272             27.83562
      0.3080059            -15.58365             27.21702
      0.3087758            0.3436279             27.62876
      0.3095458             30.00821             28.26243
      0.3103158             6.193634             27.65650
      0.3110858             23.98178             28.14415
      0.3118558           -0.9763489             27.55070
      0.3126258             3.445435             27.53270
      0.3133957             9.878204             27.57137
      0.3141657             47.17178             28.44077
      0.3149357             32.69272             28.17673
      0.3157057             39.05908             28.49334
      0.3164756             12.90457             27.72020
      0.3172456             41.42999             28.55477
      0.3180156             27.19363             28.15390
      0.3187856             13.38544             27.94008
      0.3195556            -13.94363             27.35041
      0.3203256           -0.2218018             27.67110
      0.3210955             37.97455             28.47021
      0.3218655            -1.700928             27.56329
      0.3226355             12.05179             27.93662
      0.3234054             1.360931             27.67941
      0.3241755             6.458191             27.80264
      0.3249454            -16.14001             27.14545
      0.3257154             17.80457             28.07265
      0.3264854             29.58820             28.35569
      0.3272554            -7.195435             27.44556
      0.3280253             12.83545             27.94023
      0.3287953             32.80457             28.47600
      0.3295653             19.39178             28.23999
      0.3303353             17.58820             28.09417
      0.3311053             1.810913             27.70920
      0.3318753             6.744568             27.90415
      0.3326452             14.35818             28.13347
      0.3334152            -11.31729             27.33681
      0.3341852            -13.59091             27.42780
      0.3349552             27.72906             28.58454
      0.3357251            -4.260010             27.74807
      0.3364951             45.26093             28.89394
      0.3372651             35.20999             28.63354
      0.3380351            -1.536377             27.82978
      0.3388051             48.60272             29.09992
      0.3395751             6.050903             28.05089
      0.3403450             8.081787             28.08511
      0.3411150             16.67999             28.40301
      0.3418850             19.40179             28.42261
      0.3426549           -0.5563660             27.89823
      0.3434249             36.56729             28.87468
      0.3441949             7.496368             28.19914
      0.3449649             24.62454             28.55220
      0.3457349            -19.94272             27.36185
      0.3465049             14.02637             28.36591
      0.3472748             28.94907             28.65168
      0.3480448             33.54272             29.04930
      0.3488148             13.14545             28.15390
      0.3495848             31.32635             28.79498
      0.3503547             33.77457             28.84167
      0.3511248            -30.17908             27.18595
      0.3518947             17.12091             28.64338
      0.3526647             14.17178             28.30393
      0.3534347           -0.3936462             28.12501
      0.3542047             17.42093             28.36948
      0.3549746             3.921783             28.26113
      0.3557446             35.25272             29.18318
      0.3565146            0.3854370             28.21725
      0.3572845             12.59729             28.57185
      0.3580546            -16.45364             27.77101
      0.3588246            -9.957275             28.14632
      0.3595945             10.36728             28.62084
      0.3603645             25.30545             28.76711
      0.3611345             8.903625             28.46848
      0.3619044             36.83090             29.27232
      0.3626744             21.89728             28.85180
      0.3634444             23.78271             28.71679
      0.3642144            -19.45999             27.77569
      0.3649844             16.60181             28.65963
      0.3657544             1.292725             28.16856
      0.3665243             26.78726             28.66939
      0.3672943             19.40543             28.52947
      0.3680643             1.091797             28.21253
      0.3688343             24.51364             28.61428
      0.3696042             29.82272             28.87030
      0.3703743             6.544556             28.36312
      0.3711442             18.99908             28.65988
      0.3719142             21.35001             28.81696
      0.3726842             8.839996             28.37140
      0.3734542             3.599091             28.40241
      0.3742241             39.89273             29.22526
      0.3749941             37.26999             29.23125
      0.3757641             40.80637             29.27898
      0.3765341             37.17273             29.29523
      0.3773041             18.20999             28.94205
      0.3780740            -1.701813             28.32171
      0.3788440            -33.37091             27.83426
      0.3796140             5.907288             28.63874
      0.3803840            -7.236359             28.44388
      0.3811539            -11.70001             28.34388
      0.3819239            -1.684570             28.57916
      0.3826939            -2.441803             28.61186
      0.3834639             43.19180             29.50730
      0.3842339             29.67273             29.36073
      0.3850039             19.22455             29.13194
      0.3857738           -0.6982117             28.64684
      0.3865438             17.94635             29.04357
      0.3873138            -19.85730             28.24854
      0.3880838            -27.32544             28.26882
      0.3888537            0.9527283             28.83979
      0.3896238            -6.109070             28.60908
      0.3903937             12.21091             29.10788
      0.3911637             6.680908             29.09296
      0.3919337             23.71179             29.38877
      0.3927037            -9.000916             28.45512
      0.3934736             15.72543             29.09069
      0.3942436             15.25092             29.13718
      0.3950136             15.11179             29.16629
      0.3957836             19.60635             29.20431
      0.3965536            -18.88364             28.16728
      0.3973235            -22.65179             28.11131
      0.3980935             7.540009             28.86917
      0.3988635             7.080902             28.95344
      0.3996335             34.26178             29.63676
      0.4004034             50.51999             29.91877
      0.4011734             25.68542             29.30334
      0.4019434             12.32999             29.26654
      0.4027134            -5.767273             28.66241
      0.4034834            -7.169098             28.81722
      0.4042534             15.57727             29.26248
      0.4050233             12.12454             29.14758
      0.4057933             20.09363             29.33099
      0.4065633             34.19543             29.66205
      0.4073333            -4.160004             28.77736
      0.4081032             14.31454             29.01211
      0.4088733             37.19092             29.80047
      0.4096432             34.75363             29.56683
      0.4104132             5.285431             28.93685
      0.4111832            -5.070007             28.77581
      0.4119532            -1.178192             29.07088
      0.4127231             19.87909             29.49150
      0.4134931             13.11090             29.40208
      0.4142631             2.951782             29.17989
      0.4150331             33.94272             29.88903
      0.4158031             6.779083             29.30015
      0.4165730             8.710907             29.16636
      0.4173430             29.00000             29.77491
      0.4181130             21.49457             29.53156
      0.4188830             13.23636             29.44863
      0.4196529             21.53000             29.73664
      0.4204229             41.03543             29.95263
      0.4211929            -12.71094             28.89182
      0.4219629             4.660004             29.25173
      0.4227329             10.45456             29.38753
      0.4235029             18.16998             29.50325
      0.4242728             12.42178             29.42639
      0.4250428             10.58270             29.43146
      0.4258128             6.061798             29.18712
      0.4265828             4.081787             29.23394
      0.4273528             16.27820             29.35425
      0.4281228             14.64456             29.48128
      0.4288927             37.08820             30.10875
      0.4296627             1.757263             29.15675
      0.4304327             11.03091             29.28315
      0.4312027            -8.737274             28.96718
      0.4319726            -7.611816             29.01936
      0.4327426            -1.307281             29.27041
      0.4335126            -14.10635             28.71334
      0.4342826             20.22272             29.64917
      0.4350526             2.125427             29.25682
      0.4358225           0.05270386             29.33398
      0.4365925            -24.49908             28.63115
      0.4373625             5.547272             29.35403
      0.4381325             35.26456             29.88724
      0.4389024             23.29544             29.76053
      0.4396724             9.429993             29.39779
      0.4404424             20.29544             29.64218
      0.4412124             24.09906             29.83816
      0.4419824             3.898193             29.26904
      0.4427524             12.98178             29.52719
      0.4435223             7.471802             29.51937
      0.4442923             12.32181             29.57616
      0.4450623            -5.951813             29.03584
      0.4458323             16.54272             29.66262
      0.4466023             5.681793             29.38987
      0.4473723             40.61090             30.25901
      0.4481422             6.224548             29.25559
      0.4489122             18.00821             29.56167
      0.4496822            -18.93457             28.84525
      0.4504521             7.915436             29.42165
      0.4512221             31.28635             30.19905
      0.4519921             19.54907             29.84628
      0.4527621            -13.56821             29.04476
      0.4535321            -6.861816             29.21188
      0.4543021            -35.07364             28.39805
      0.4550720             63.64365             30.81176
      0.4558420             49.83820             30.45975
      0.4566120             10.56454             29.58429
      0.4573820             51.80728             30.38280
      0.4581519             17.43634             29.62682
      0.4589219             32.57092             30.17392
      0.4596919            -21.77365             28.76293
      0.4604619             19.91727             29.86164
      0.4612319            -13.97910             29.17556
      0.4620019            -26.30820             28.86035
      0.4627718             13.13544             29.78261
      0.4635418             23.16635             30.11094
      0.4643118            -8.606354             29.27274
      0.4650818            -2.977295             29.53760
      0.4658518             49.54819             30.61988
      0.4666218            -13.17365             29.08904
      0.4673917             20.42456             30.00747
      0.4681617             22.16180             29.99876
      0.4689317             27.38272             30.13561
      0.4697016            -4.257294             29.36132
      0.4704716             35.43362             30.28592
      0.4712416            -10.22000             29.27637
      0.4720116            -15.28180             29.23317
      0.4727816            -36.31271             28.45056
      0.4735516             35.53271             30.28316
      0.4743215             30.64545             30.19514
      0.4750915            -41.43179             28.55104
      0.4758615             15.10455             29.87336
      0.4766315             50.04727             30.60056
      0.4774014             54.72906             30.81600
      0.4781715             7.049072             29.59842
      0.4789414             28.72906             30.20186
      0.4797114             6.925446             29.78167
      0.4804814             35.28091             30.36171
      0.4812514             27.96729             30.31345
      0.4820213             32.75092             30.35714
      0.4827913            -4.408203             29.41455
      0.4835613            0.4017944             29.81133
      0.4843313             24.23636             30.16189
      0.4851013             29.32455             30.42239
      0.4858713             20.15909             30.12924
