n0 =          240
     0.02388324             304.7682             33.86839
     0.02465323             239.5500             32.60099
     0.02542320             275.3782             33.30178
     0.02619319             283.0100             33.32191
     0.02696316             251.7236             32.54939
     0.02773315             266.4591             32.70518
     0.02850312             258.8809             32.67994
     0.02927311             277.6427             32.96331
     0.03004308             286.2500             32.96613
     0.03081307             304.7027             33.25683
     0.03158304             271.2482             32.61695
     0.03235303             283.7627             32.77827
     0.03312300             288.8073             32.85011
     0.03389299             296.0745             33.03089
     0.03466296             309.2845             33.20615
     0.03543295             298.4700             32.92173
     0.03620292             312.7791             33.11307
     0.03697290             316.0309             33.12334
     0.03774288             278.5873             32.53036
     0.03851286             248.9673             31.62146
     0.03928284             244.1527             31.72556
     0.04005282             308.6891             33.07597
     0.04082280             305.3954             32.84131
     0.04159278             311.1064             33.05848
     0.04236276             296.7709             32.59881
     0.04313274             272.7709             32.34679
     0.04390272             291.5745             32.72013
     0.04467270             297.7691             32.69569
     0.04544269             292.4645             32.42182
     0.04621266             255.7164             31.81740
     0.04698265             295.5218             32.49390
     0.04775262             331.1973             33.30997
     0.04852261             311.7382             32.78354
     0.04929258             328.7073             33.12583
     0.05006257             309.5791             32.82424
     0.05083254             288.4027             32.63008
     0.05160253             350.3827             33.86172
     0.05237250             303.2173             32.83307
     0.05314249             291.2636             32.55978
     0.05391246             290.5327             32.56261
     0.05468245             349.3473             33.51461
     0.05545242             325.7845             33.21256
     0.05622241             312.2682             32.79508
     0.05699238             311.2882             32.71854
     0.05776237             279.2773             32.29005
     0.05853234             284.3809             32.26953
     0.05930233             337.9282             33.41825
     0.06007230             313.6855             32.92307
     0.06084229             304.4073             32.70676
     0.06161226             328.7737             33.16670
     0.06238224             346.4845             33.71107
     0.06315222             305.4227             32.78234
     0.06392220             311.8091             32.80453
     0.06469218             340.2836             33.37587
     0.06546216             357.6391             33.70947
     0.06623214             375.2064             34.11377
     0.06700212             324.1691             33.05149
     0.06777211             315.3127             32.86295
     0.06854208             321.5136             33.08632
     0.06931207             321.6791             32.95791
     0.07008204             394.4055             34.39951
     0.07085203             354.4827             33.56387
     0.07162200             325.8227             32.97379
     0.07239199             331.6682             33.11229
     0.07316196             347.1936             33.53764
     0.07393195             346.7764             33.34983
     0.07470192             374.0237             34.00998
     0.07547191             359.2000             33.68425
     0.07624188             315.8445             32.92160
     0.07701187             346.0255             33.54544
     0.07778184             305.4273             32.71448
     0.07855183             332.2263             33.22879
     0.07932180             303.5509             32.83502
     0.08009179             348.7318             33.52195
     0.08086176             368.0518             33.98182
     0.08163175             394.0409             34.43282
     0.08240172             369.0564             33.85202
     0.08317171             331.7164             33.22299
     0.08394168             350.1536             33.61454
     0.08471167             410.2573             34.81063
     0.08548164             369.4427             33.85984
     0.08625162             383.7827             34.21429
     0.08702160             353.4273             33.67577
     0.08779158             394.4073             34.42245
     0.08856156             364.9527             33.91973
     0.08933155             406.1582             34.61210
     0.09010153             351.9682             33.57966
     0.09087150             406.1227             34.56864
     0.09164147             333.7873             33.34952
     0.09241147             362.3036             33.66842
     0.09318145             353.1073             33.57359
     0.09395142             386.5555             34.30931
     0.09472139             337.2263             33.31990
     0.09549139             354.4227             33.63092
     0.09626137             371.4845             34.17547
     0.09703134             370.6655             33.97093
     0.09780131             354.2327             33.65583
     0.09857132             327.6655             33.31966
     0.09934129             378.0982             34.18547
      0.1001113             392.3036             34.48178
      0.1008812             391.7255             34.29853
      0.1016512             357.7364             33.72326
      0.1024212             368.3654             33.93597
      0.1031912             318.3545             32.87572
      0.1039612             316.6945             32.70277
      0.1047312             394.9000             34.37445
      0.1055011             330.0191             33.25079
      0.1062711             366.8755             33.89234
      0.1070411             302.7627             32.68636
      0.1078111             333.3300             33.28496
      0.1085811             350.4800             33.57747
      0.1093510             364.8927             33.97657
      0.1101210             355.6964             33.86463
      0.1108910             362.0673             33.97875
      0.1116610             367.5882             33.93172
      0.1124309             300.5109             32.55400
      0.1132009             327.6809             33.24926
      0.1139709             337.0100             33.32570
      0.1147409             288.1227             32.30475
      0.1155109             343.2863             33.47010
      0.1162808             318.6682             32.94319
      0.1170508             293.7009             32.42182
      0.1178208             309.5618             32.70858
      0.1185908             323.6236             33.09034
      0.1193608             350.5882             33.49941
      0.1201307             343.2836             33.53190
      0.1209007             303.9636             32.95985
      0.1216707             321.8709             33.12984
      0.1224407             307.4491             32.77049
      0.1232107             375.9854             34.20112
      0.1239807             323.4091             33.13151
      0.1247506             285.0891             32.30153
      0.1255206             309.8973             32.77121
      0.1262906             365.6500             33.98803
      0.1270606             304.9500             32.83342
      0.1278306             330.1709             33.31140
      0.1286005             253.7118             31.67390
      0.1293705             302.0627             32.73885
      0.1301405             250.9345             31.79321
      0.1309105             282.9964             32.52153
      0.1316804             320.0627             32.97569
      0.1324504             331.1400             33.18027
      0.1332204             300.4182             32.66264
      0.1339904             260.1291             31.90512
      0.1347604             263.2991             31.95332
      0.1355303             303.8091             32.62103
      0.1363003             274.2064             32.17012
      0.1370703             357.5527             33.71843
      0.1378403             296.8709             32.51089
      0.1386103             274.9218             32.18225
      0.1393802             264.8600             32.01234
      0.1401502             257.1800             31.74608
      0.1409202             255.4736             31.82526
      0.1416902             260.0255             31.51897
      0.1424602             293.3455             32.44321
      0.1432302             237.7473             31.42206
      0.1440001             245.7627             31.52782
      0.1447701             297.7582             32.61642
      0.1455401             243.8354             31.48772
      0.1463101             311.7445             32.97201
      0.1470800             253.6164             31.82573
      0.1478500             239.9254             31.61782
      0.1486200             258.4618             32.01424
      0.1493900             253.3073             31.89825
      0.1501600             261.4109             32.07330
      0.1509299             230.7773             31.43732
      0.1516999             245.9473             31.69615
      0.1524699             260.6318             31.99811
      0.1532399             217.9873             31.07302
      0.1540099             300.1418             32.81787
      0.1547798             243.3473             31.65566
      0.1555498             272.8418             32.15206
      0.1563198             273.5791             32.06583
      0.1570898             227.8882             31.28442
      0.1578598             228.6873             31.31694
      0.1586298             213.9236             30.83706
      0.1593997             203.5618             30.65245
      0.1601697             236.6855             31.39536
      0.1609397             195.9591             30.50447
      0.1617097             225.2173             31.18273
      0.1624797             214.6145             30.85455
      0.1632496             205.6100             30.64803
      0.1640196             258.4355             31.87141
      0.1647896             216.4664             30.99397
      0.1655596             212.5854             31.09962
      0.1663295             197.8791             30.77165
      0.1670995             188.7927             30.53055
      0.1678695             198.3555             30.86181
      0.1686395             236.6027             31.55879
      0.1694095             200.7991             30.89428
      0.1701794             207.5564             30.91233
      0.1709494             189.0245             30.65919
      0.1717194             192.8082             30.63275
      0.1724894             188.2100             30.40309
      0.1732594             167.6736             30.07103
      0.1740293             217.4045             31.09193
      0.1747993             237.0600             31.44023
      0.1755693             207.7863             30.92454
      0.1763393             178.3336             30.33345
      0.1771093             222.9582             31.20776
      0.1778793             179.8609             30.22338
      0.1786492             166.1500             30.20622
      0.1794192             159.6664             30.01938
      0.1801892             129.1454             29.46876
      0.1809592             140.5582             29.61592
      0.1817292             196.3373             30.97057
      0.1824991             151.6064             29.95671
      0.1832691             146.3900             29.84617
      0.1840391             165.2509             30.14687
      0.1848091             123.5136             29.34597
      0.1855790             152.5645             29.94538
      0.1863490             142.7964             29.70295
      0.1871190             133.6109             29.57904
      0.1878890             134.7700             29.49430
      0.1886590             153.6727             30.05045
      0.1894289             133.5136             29.39499
      0.1901989             122.4936             29.36099
      0.1909689             109.3855             29.03996
      0.1917389             139.8382             29.54509
      0.1925089             158.5445             30.12634
      0.1932788             128.3018             29.57780
      0.1940488             111.2045             29.15308
      0.1948188             118.7300             29.18877
      0.1955888             122.4100             29.14791
      0.1963588             113.2045             29.09127
      0.1971288             110.9109             29.02000
      0.1978987             104.5291             28.85753
      0.1986687             125.8691             29.34308
      0.1994387             91.73001             28.50718
      0.2002087             68.03000             28.04230
      0.2009787             88.36545             28.59270
      0.2017486             112.9063             29.20267
      0.2025186             101.3500             28.92415
      0.2032886             54.45819             27.71503
      0.2040586             102.1955             28.95894
      0.2048285             94.02090             28.79517
      0.2055985             76.01001             28.16724
      0.2063685             94.90182             28.75965
      0.2071385             78.95273             28.26707
      0.2079085             57.10272             27.75949
      0.2086784             66.41180             28.15960
      0.2094484             74.72089             28.13386
      0.2102184             81.68542             28.50453
      0.2109884             86.57727             28.46309
      0.2117584             69.86636             28.23758
      0.2125283             58.83545             27.90734
      0.2132983             56.98999             27.85965
      0.2140683             52.73819             27.77757
      0.2148383             63.72726             28.04759
      0.2156083             48.24820             27.66389
      0.2163783             12.37634             26.63866
      0.2171482             93.70093             28.81788
      0.2179182             42.04089             27.49229
      0.2186882             75.28818             28.21507
      0.2194582             14.61270             26.69139
      0.2202282             77.64816             28.22235
      0.2209981             29.84454             27.08535
      0.2217681             67.11182             27.99127
      0.2225381             36.06088             27.24302
      0.2233081             47.71637             27.58555
      0.2240780             34.50000             27.15779
      0.2248480             12.29907             26.73640
      0.2256180             42.09363             27.43954
      0.2263880             51.74908             27.94459
      0.2271580             72.97635             28.42628
      0.2279279             37.05365             27.41453
      0.2286979             8.291809             26.68196
      0.2294679             5.539063             26.76175
      0.2302379             24.45093             27.24757
      0.2310079             36.00726             27.46394
      0.2317779             30.76001             27.24678
      0.2325478             70.49271             28.39276
      0.2333178             42.90543             27.63132
      0.2340878             33.57455             27.17502
      0.2348578             19.65634             27.06471
      0.2356278             18.38727             27.02363
      0.2363977             30.05820             27.36320
      0.2371677             44.45999             27.60166
      0.2379377             19.97635             26.89943
      0.2387077             23.65820             27.14305
      0.2394776             27.05545             27.09978
      0.2402476             42.75092             27.76147
      0.2410176             37.20364             27.50161
      0.2417876             17.68271             27.11979
      0.2425576             22.46637             27.17567
      0.2433275             59.88998             28.22223
      0.2440975             35.14365             27.53064
      0.2448675             14.19455             26.87824
      0.2456375             12.26093             26.79999
      0.2464075             13.96729             26.82199
      0.2471774             17.04456             27.15126
      0.2479474             40.23001             27.61752
      0.2487174             26.80179             27.20380
      0.2494874             11.59634             26.75463
      0.2502574             22.97821             27.36138
      0.2510273             18.48364             27.14058
      0.2517973             62.27179             28.27377
      0.2525673             36.72635             27.51191
      0.2533373             32.43729             27.51217
      0.2541073            -4.366364             26.50553
      0.2548773             33.46820             27.42204
      0.2556472             30.53000             27.44283
      0.2564172            -4.871796             26.68693
      0.2571872             26.61819             27.19389
      0.2579572             39.61819             27.62119
      0.2587271             38.26273             27.69461
      0.2594971            -11.31363             26.42202
      0.2602671             31.69092             27.62397
      0.2610371             19.75272             27.16595
      0.2618071             36.50092             27.68906
      0.2625771             10.39273             26.99604
      0.2633470             17.29544             27.30456
      0.2641170             8.851807             26.85784
      0.2648870             12.63544             27.23196
      0.2656569            -12.41092             26.40346
      0.2664269             16.22272             27.09945
      0.2671970             4.769989             27.05509
      0.2679669             10.26001             26.98842
      0.2687369             4.394562             27.05758
      0.2695069             3.672729             26.86003
      0.2702768            -18.56363             26.28551
      0.2710468            -17.81543             26.56027
      0.2718168            -24.04272             26.36025
      0.2725868            -18.64999             26.38032
      0.2733568             38.69000             27.98671
      0.2741268             16.63907             27.46762
      0.2748967            -29.41635             26.26919
      0.2756667             1.027283             27.06808
      0.2764367            -7.056366             26.86645
      0.2772067             11.20178             27.32846
      0.2779766             12.24820             27.34867
      0.2787466            -5.297272             27.03532
      0.2795166             21.39365             27.77271
      0.2802866            -7.580017             26.74587
      0.2810566            -15.92001             26.68279
      0.2818266             8.126343             27.34859
      0.2825965            -12.50729             27.02402
      0.2833665             15.78635             27.56786
      0.2841365             8.373627             27.41593
      0.2849064             22.10181             27.80863
      0.2856764             30.08636             27.93068
      0.2864465             27.94272             27.98055
      0.2872164             14.40634             27.62061
      0.2879864             9.251801             27.50039
      0.2887564             3.333649             27.35492
      0.2895263            -3.739075             27.02698
      0.2902963             18.64728             27.76356
      0.2910663             21.17273             27.82318
      0.2918363             25.00272             27.81381
      0.2926063             9.095428             27.31375
      0.2933763             7.280914             27.26600
      0.2941462            -14.97543             26.72921
      0.2949162             15.62271             27.59128
      0.2956862             14.10181             27.61515
      0.2964562             60.27179             28.72927
      0.2972261             21.11270             27.81770
      0.2979961            -5.710938             27.34277
      0.2987661            -3.900909             27.37437
      0.2995361             58.66635             28.85027
      0.3003061            -10.64728             27.07640
      0.3010761            -20.92545             26.87721
      0.3018460            -17.10635             27.03747
      0.3026160            -10.13272             27.10665
      0.3033860             11.94907             27.61697
      0.3041559             18.92908             27.99556
      0.3049260             4.074554             27.52215
      0.3056960            -20.40457             26.79246
      0.3064659            -13.15729             27.12566
      0.3072359             10.82272             27.70943
      0.3080059             21.41635             28.16199
      0.3087758            -8.656372             27.39653
      0.3095458            -6.991791             27.32598
      0.3103158            -7.806366             27.29645
      0.3110858             28.98178             28.26845
      0.3118558             23.02365             28.15842
      0.3126258            -28.55457             26.69502
      0.3133957             13.87820             27.67278
      0.3141657             15.17178             27.64850
      0.3149357             15.69272             27.75250
      0.3157057             14.05908             27.87175
      0.3164756            -7.095428             27.20784
      0.3172456             19.42999             28.01014
      0.3180156             14.19363             27.82868
      0.3187856             35.38544             28.48672
      0.3195556             18.05637             28.16708
      0.3203256            -47.22180             26.42929
      0.3210955             20.97455             28.05168
      0.3218655             11.29907             27.89351
      0.3226355            -14.94821             27.24534
      0.3234054            -4.639069             27.52572
      0.3241755             18.45819             28.10492
      0.3249454             1.859985             27.61086
      0.3257154             3.804565             27.71998
      0.3264854             10.58820             27.88272
      0.3272554             15.80457             28.02983
      0.3280253             6.835449             27.78890
      0.3287953             31.80457             28.45147
      0.3295653             52.39178             29.04670
      0.3303353             68.58820             29.32948
      0.3311053            -1.189087             27.63280
      0.3318753             59.74457             29.19863
      0.3326452             2.358185             27.83157
      0.3334152             10.68271             27.89675
      0.3341852             41.40909             28.80448
      0.3349552             25.72906             28.53533
      0.3357251            -13.26001             27.51677
      0.3364951             28.26093             28.48136
      0.3372651            -23.79001             27.14725
      0.3380351             5.463623             28.00645
      0.3388051             11.60272             28.19753
      0.3395751             6.050903             28.05089
      0.3403450             15.08179             28.25978
      0.3411150             29.67999             28.72268
      0.3418850             33.40179             28.76542
      0.3426549             12.44363             28.22426
      0.3434249             3.567291             28.06113
      0.3441949             24.49637             28.61920
      0.3449649             33.62454             28.77139
      0.3457349             28.05728             28.56845
      0.3465049             11.02637             28.29133
      0.3472748             9.949066             28.18333
      0.3480448             11.54272             28.50994
      0.3488148             14.14545             28.17870
      0.3495848             51.32635             29.27448
      0.3503547             20.77457             28.52468
      0.3511248             5.820923             28.10838
      0.3518947             12.12091             28.51984
      0.3526647             30.17178             28.69618
      0.3534347             14.60635             28.49839
      0.3542047             19.42093             28.41857
      0.3549746            -2.078217             28.11094
      0.3557446             43.25272             29.37410
      0.3565146             20.38544             28.71236
      0.3572845             19.59729             28.74376
      0.3580546             16.54636             28.59671
      0.3588246            -12.95728             28.07041
      0.3595945             26.36728             29.01122
      0.3603645             36.30545             29.03159
      0.3611345            -27.09637             27.56026
      0.3619044            -31.16910             27.57925
      0.3626744            -26.10272             27.64824
      0.3634444             6.782715             28.29877
      0.3642144             24.54001             28.87611
      0.3649844             47.60181             29.40766
      0.3657544             12.29272             28.44203
      0.3665243             43.78726             29.07813
      0.3672943             38.40543             28.99005
      0.3680643             37.09180             29.09420
      0.3688343             4.513641             28.12098
      0.3696042             29.82272             28.87030
      0.3703743             32.54456             29.00058
      0.3711442             55.99908             29.54658
      0.3719142             28.35001             28.98704
      0.3726842             5.839996             28.29700
      0.3734542             42.59909             29.34910
      0.3742241             2.892731             28.32501
      0.3749941             80.26999             30.23233
      0.3757641             8.806366             28.50546
      0.3765341             3.172729             28.46947
      0.3773041           -0.7900085             28.47540
      0.3780740            -1.701813             28.32171
      0.3788440            -6.370911             28.51928
      0.3796140            -3.092712             28.41636
      0.3803840            -5.236359             28.49369
      0.3811539             50.29999             29.84155
      0.3819239            -37.68457             27.66746
      0.3826939             4.558197             28.78440
      0.3834639             24.19180             29.05617
      0.3842339             11.67273             28.92820
      0.3850039             19.22455             29.13194
      0.3857738             45.30179             29.74999
      0.3865438             40.94635             29.59031
      0.3873138             4.142700             28.84415
      0.3880838             38.67456             29.87838
      0.3888537            -7.047272             28.64272
      0.3896238             21.89093             29.28987
      0.3903937            -1.789093             28.76671
      0.3911637             43.68091             29.97261
      0.3919337             38.71179             29.74293
      0.3927037             11.99908             28.96966
      0.3934736            -20.27457             28.20369
      0.3942436             41.25092             29.75560
      0.3950136             21.11179             29.31063
      0.3957836             20.60635             29.22832
      0.3965536             31.11636             29.38916
      0.3973235             9.348206             28.90553
      0.3980935             9.540009             28.91779
      0.3988635             23.08090             29.33970
      0.3996335             2.261780             28.86771
      0.4004034             20.51999             29.21235
      0.4011734             8.685425             28.89507
      0.4019434             17.32999             29.38689
      0.4027134             35.23273             29.64842
      0.4034834             38.83090             29.92164
      0.4042534            -22.42273             28.32730
      0.4050233            -6.875458             28.68427
      0.4057933            -21.90637             28.30229
      0.4065633            -10.80457             28.57346
      0.4073333             36.84000             29.76337
      0.4081032             15.31454             29.03618
      0.4088733             4.190918             29.01148
      0.4096432             5.753632             28.87429
      0.4104132             15.28543             29.17797
      0.4111832            -11.07001             28.62801
      0.4119532             2.821808             29.16836
      0.4127231             3.879089             29.10703
      0.4134931             31.11090             29.82971
      0.4142631             25.95178             29.73037
      0.4150331             21.94272             29.60680
      0.4158031            -17.22092             28.71524
      0.4165730           -0.2890930             28.94897
      0.4173430            -23.00000             28.51758
      0.4181130             26.49457             29.64961
      0.4188830             2.236359             29.18385
      0.4196529            -6.470001             29.06220
      0.4204229            -32.96457             28.16249
      0.4211929             29.28906             29.90015
      0.4219629             31.66000             29.89285
      0.4227329             36.45456             30.00042
      0.4235029             2.169983             29.11966
      0.4242728             19.42178             29.59334
      0.4250428             5.582703             29.31139
      0.4258128             34.06180             29.85087
      0.4265828             2.081787             29.18554
      0.4273528             11.27820             29.23486
      0.4281228             20.64456             29.62381
      0.4288927             6.088196             29.37592
      0.4296627             32.75726             29.89454
      0.4304327             32.03091             29.78010
      0.4312027             31.26273             29.92526
      0.4319726             16.38818             29.59677
      0.4327426             16.69272             29.70146
      0.4335126             12.89365             29.36635
      0.4342826             17.22272             29.57811
      0.4350526             48.12543             30.33780
      0.4358225             75.05270             31.07536
      0.4365925             11.50092             29.50966
      0.4373625             32.54727             29.99370
      0.4381325             13.26456             29.36980
      0.4389024             14.29544             29.54756
      0.4396724             29.42999             29.87028
      0.4404424             2.295441             29.21261
      0.4412124             9.099060             29.48201
      0.4419824             43.89819             30.21103
      0.4427524             50.98178             30.41230
      0.4435223             25.47180             29.94555
      0.4442923             15.32181             29.64747
      0.4450623             4.048187             29.27781
      0.4458323             40.54272             30.22462
      0.4466023            -19.31821             28.78022
      0.4473723           -0.3890991             29.29184
      0.4481422             16.22455             29.49369
      0.4489122             10.00821             29.37184
      0.4496822             5.065430             29.42808
      0.4504521             16.91544             29.63557
      0.4512221             17.28635             29.87051
      0.4519921             21.54907             29.89342
      0.4527621             3.431793             29.45637
      0.4535321             37.13818             30.25276
      0.4543021             17.92636             29.68792
      0.4550720             41.64365             30.31224
      0.4558420             24.83820             29.88158
      0.4566120             46.56454             30.42554
      0.4573820             31.80728             29.92248
      0.4581519             24.43634             29.79154
      0.4589219             19.57092             29.87002
      0.4596919             18.22635             29.72655
      0.4604619             25.91727             30.00213
      0.4612319            -1.979095             29.46627
      0.4620019             33.69180             30.29301
      0.4627718            -12.86456             29.15995
      0.4635418             27.16635             30.20409
      0.4643118             28.39365             30.14844
      0.4650818            -3.977295             29.51358
      0.4658518             61.54819             30.89039
      0.4666218             30.82635             30.13226
      0.4673917             10.42456             29.77228
      0.4681617            -1.838196             29.43113
      0.4689317             9.382721             29.71320
      0.4697016             7.742706             29.64868
      0.4704716             5.433624             29.58261
      0.4712416             7.779999             29.70791
      0.4720116             45.71820             30.66938
      0.4727816             25.68729             29.94474
      0.4735516             43.53271             30.46651
      0.4743215             50.64545             30.65352
      0.4750915             47.56821             30.67887
      0.4758615             20.10455             29.99076
      0.4766315            -30.95273             28.67759
      0.4774014             23.72906             30.10584
      0.4781715             30.04907             30.13671
      0.4789414            -17.27094             29.10873
      0.4797114             8.925446             29.82903
      0.4804814             12.28091             29.82635
      0.4812514             70.96729             31.28645
      0.4820213             8.750916             29.79759
      0.4827913             16.59180             29.91149
      0.4835613             24.40179             30.37457
      0.4843313             19.23636             30.04565
      0.4851013             30.32455             30.44542
      0.4858713           -0.8409119             29.63450
