n0 =          240
     0.02388324             249.7682             32.79075
     0.02465323             263.5500             33.08178
     0.02542320             305.3782             33.88614
     0.02619319             301.0100             33.67303
     0.02696316             344.7236             34.36259
     0.02773315             257.4591             32.52438
     0.02850312             311.8809             33.72644
     0.02927311             253.6427             32.48135
     0.03004308             276.2500             32.76756
     0.03081307             270.7027             32.58426
     0.03158304             333.2482             33.83134
     0.03235303             315.7627             33.40686
     0.03312300             263.8073             32.34867
     0.03389299             308.0745             33.26696
     0.03466296             307.2845             33.16692
     0.03543295             244.4700             31.83095
     0.03620292             265.7791             32.17702
     0.03697290             245.0309             31.69762
     0.03774288             254.5873             32.04287
     0.03851286             313.9673             32.92873
     0.03928284             307.1527             32.99877
     0.04005282             325.6891             33.40823
     0.04082280             299.3954             32.72272
     0.04159278             299.1064             32.82167
     0.04236276             312.7709             32.91480
     0.04313274             329.7709             33.47584
     0.04390272             265.5745             32.19547
     0.04467270             298.7691             32.71558
     0.04544269             282.4645             32.22101
     0.04621266             295.7164             32.62928
     0.04698265             317.5218             32.92873
     0.04775262             295.1973             32.60225
     0.04852261             331.7382             33.17429
     0.04929258             302.7073             32.61551
     0.05006257             344.5791             33.50471
     0.05083254             301.4027             32.88956
     0.05160253             335.3827             33.57337
     0.05237250             307.2173             32.91225
     0.05314249             321.2636             33.15321
     0.05391246             268.5327             32.11867
     0.05468245             335.3473             33.24557
     0.05545242             287.7845             32.46144
     0.05622241             338.2682             33.30228
     0.05699238             336.2882             33.20716
     0.05776237             368.2773             34.03182
     0.05853234             331.3809             33.19970
     0.05930233             301.9282             32.71325
     0.06007230             320.6855             33.06051
     0.06084229             306.4073             32.74638
     0.06161226             332.7737             33.24438
     0.06238224             324.4845             33.28513
     0.06315222             339.4227             33.44715
     0.06392220             323.8091             33.04005
     0.06469218             313.2836             32.84975
     0.06546216             332.6391             33.22886
     0.06623214             333.2064             33.31189
     0.06700212             313.1691             32.83551
     0.06777211             353.3127             33.60092
     0.06854208             313.5136             32.92894
     0.06931207             368.6791             33.86289
     0.07008204             382.4055             34.17543
     0.07085203             326.4827             33.02257
     0.07162200             338.8227             33.22672
     0.07239199             363.6682             33.72771
     0.07316196             341.1936             33.42191
     0.07393195             358.7764             33.57975
     0.07470192             375.0237             34.02884
     0.07547191             322.2000             32.96973
     0.07624188             319.8445             33.00017
     0.07701187             381.0255             34.20955
     0.07778184             362.4273             33.82033
     0.07855183             371.2263             33.97528
     0.07932180             322.5509             33.20953
     0.08009179             357.7318             33.69395
     0.08086176             369.0518             34.00071
     0.08163175             352.0409             33.64127
     0.08240172             414.0564             34.68920
     0.08317171             375.7164             34.06367
     0.08394168             336.1536             33.34471
     0.08471167             417.2573             34.93890
     0.08548164             347.4427             33.44076
     0.08625162             312.7827             32.85096
     0.08702160             386.4273             34.29924
     0.08779158             419.4073             34.88245
     0.08856156             389.9527             34.38969
     0.08933155             348.1582             33.52044
     0.09010153             348.9682             33.52216
     0.09087150             346.1227             33.43932
     0.09164147             458.7873             35.67207
     0.09241147             354.3036             33.51603
     0.09318145             343.1073             33.38157
     0.09395142             390.5555             34.38395
     0.09472139             391.2263             34.34426
     0.09549139             403.4227             34.55021
     0.09626137             358.4845             33.92918
     0.09703134             353.6655             33.64838
     0.09780131             344.2327             33.46437
     0.09857132             388.6655             34.48064
     0.09934129             373.0982             34.09148
      0.1001113             355.3036             33.78472
      0.1008812             348.7255             33.48552
      0.1016512             369.7364             33.95102
      0.1024212             329.3654             33.18783
      0.1031912             366.3545             33.80168
      0.1039612             342.6945             33.20920
      0.1047312             334.9000             33.23458
      0.1055011             332.0191             33.28971
      0.1062711             334.8755             33.27917
      0.1070411             320.7627             33.04129
      0.1078111             327.3300             33.16836
      0.1085811             393.4800             34.38759
      0.1093510             314.8927             33.01272
      0.1101210             321.6964             33.20830
      0.1108910             336.0673             33.48057
      0.1116610             361.5882             33.81808
      0.1124309             297.5109             32.49431
      0.1132009             353.6809             33.75039
      0.1139709             318.0100             32.95548
      0.1147409             341.1227             33.34881
      0.1155109             351.2863             33.62406
      0.1162808             361.6682             33.77485
      0.1170508             343.7009             33.40258
      0.1178208             339.5618             33.29427
      0.1185908             309.6236             32.81535
      0.1193608             322.5882             32.95811
      0.1201307             325.2836             33.18315
      0.1209007             324.9636             33.37314
      0.1216707             315.8709             33.01217
      0.1224407             353.4491             33.66387
      0.1232107             284.9854             32.43367
      0.1239807             343.4091             33.51843
      0.1247506             263.0891             31.85540
      0.1255206             313.8973             32.85002
      0.1262906             289.6500             32.50827
      0.1270606             256.9500             31.86546
      0.1278306             287.1709             32.46241
      0.1286005             249.7118             31.59114
      0.1293705             274.0627             32.17702
      0.1301405             308.9345             32.96387
      0.1309105             300.9964             32.88125
      0.1316804             297.0627             32.52162
      0.1324504             362.1400             33.77493
      0.1332204             303.4182             32.72219
      0.1339904             277.1291             32.25199
      0.1347604             299.2991             32.68041
      0.1355303             297.8091             32.50169
      0.1363003             334.2064             33.36003
      0.1370703             315.5527             32.90703
      0.1378403             263.8709             31.84359
      0.1386103             279.9218             32.28368
      0.1393802             278.8600             32.29764
      0.1401502             307.1800             32.75603
      0.1409202             291.4736             32.55775
      0.1416902             322.0255             32.76234
      0.1424602             276.3455             32.10086
      0.1432302             295.7473             32.60831
      0.1440001             303.7627             32.70620
      0.1447701             289.7582             32.45654
      0.1455401             275.8354             32.14538
      0.1463101             238.7445             31.49411
      0.1470800             293.6164             32.63561
      0.1478500             253.9254             31.90774
      0.1486200             321.4618             33.27312
      0.1493900             237.3073             31.56663
      0.1501600             200.4109             30.79366
      0.1509299             224.7773             31.31122
      0.1516999             254.9473             31.88165
      0.1524699             253.6318             31.85444
      0.1532399             253.9873             31.82573
      0.1540099             255.1418             31.90932
      0.1547798             167.3473             30.01938
      0.1555498             251.8418             31.72213
      0.1563198             223.5791             31.03020
      0.1570898             215.8882             31.02996
      0.1578598             250.6873             31.77609
      0.1586298             249.9236             31.59442
      0.1593997             260.5618             31.85343
      0.1601697             218.6855             31.01469
      0.1609397             226.9591             31.16940
      0.1617097             175.2173             30.09956
      0.1624797             192.6145             30.37984
      0.1632496             198.6100             30.49692
      0.1640196             193.4355             30.49929
      0.1647896             238.4664             31.45759
      0.1655596             219.5854             31.24852
      0.1663295             158.8791             29.91181
      0.1670995             190.7927             30.57407
      0.1678695             162.3555             30.07234
      0.1686395             182.6027             30.40611
      0.1694095             157.7991             29.95079
      0.1701794             150.5564             29.66025
      0.1709494             181.0245             30.48428
      0.1717194             137.8082             29.40674
      0.1724894             174.2100             30.09582
      0.1732594             205.6736             30.90119
      0.1740293             219.4045             31.13441
      0.1747993             190.0600             30.43841
      0.1755693             169.7863             30.09517
      0.1763393             170.3336             30.15668
      0.1771093             150.9582             29.63717
      0.1778793             152.8609             29.62348
      0.1786492             133.1500             29.46111
      0.1794192             114.6664             28.99158
      0.1801892             154.1454             30.03728
      0.1809592             165.5582             30.17751
      0.1817292             130.3373             29.50421
      0.1824991             118.6064             29.20387
      0.1832691             154.3900             30.02578
      0.1840391             131.2509             29.38190
      0.1848091             143.5136             29.80291
      0.1855790             163.5645             30.19074
      0.1863490             109.7964             28.94215
      0.1871190             127.6109             29.44139
      0.1878890             118.7700             29.12527
      0.1886590             109.6727             29.04181
      0.1894289             106.5136             28.76921
      0.1901989             89.49362             28.58520
      0.1909689             59.38547             27.83525
      0.1917389             112.8382             28.92331
      0.1925089             118.5445             29.21706
      0.1932788             98.30182             28.87680
      0.1940488             102.2045             28.94154
      0.1948188             117.7300             29.16555
      0.1955888             57.41000             27.58767
      0.1963588             105.2045             28.90374
      0.1971288             136.9109             29.61970
      0.1978987             82.52908             28.33249
      0.1986687             125.8691             29.34308
      0.1994387             62.73001             27.80164
      0.2002087             62.03000             27.89450
      0.2009787             49.36545             27.63694
      0.2017486             94.90634             28.77885
      0.2025186             84.35001             28.51914
      0.2032886             52.45819             27.66510
      0.2040586             24.19547             27.03304
      0.2048285             65.02090             28.09459
      0.2055985             102.0100             28.78918
      0.2063685             86.90182             28.56874
      0.2071385             79.95273             28.29128
      0.2079085             90.10272             28.56332
      0.2086784             18.41180             26.94373
      0.2094484             42.72089             27.33964
      0.2102184             56.68542             27.89270
      0.2109884             94.57727             28.65400
      0.2117584             24.86636             27.10717
      0.2125283             79.83545             28.42065
      0.2132983             27.98999             27.12670
      0.2140683             28.73819             27.17063
      0.2148383             50.72726             27.72519
      0.2156083             56.24820             27.86340
      0.2163783             60.37634             27.86241
      0.2171482             34.70093             27.36447
      0.2179182             39.04089             27.41618
      0.2186882             12.28818             26.62178
      0.2194582             38.61270             27.31198
      0.2202282             26.64816             26.94430
      0.2209981             81.84454             28.38118
      0.2217681             26.11182             26.95617
      0.2225381             45.06088             27.47162
      0.2233081             34.71637             27.25619
      0.2240780             23.50000             26.87471
      0.2248480             35.29907             27.33232
      0.2256180             32.09363             27.18537
      0.2263880             50.74908             27.91967
      0.2271580             14.97635             26.96800
      0.2279279             21.05365             27.00465
      0.2286979             14.29181             26.83899
      0.2294679             17.53906             27.07582
      0.2302379             14.45093             26.98832
      0.2310079             48.00726             27.76623
      0.2317779             29.76001             27.22122
      0.2325478             13.49271             26.95874
      0.2333178             34.90543             27.42954
      0.2340878             17.57455             26.76353
      0.2348578            -17.34366             26.07902
      0.2356278             21.38727             27.10166
      0.2363977             36.05820             27.51630
      0.2371677            -1.540009             26.40860
      0.2379377             18.97635             26.87349
      0.2387077             30.65820             27.32225
      0.2394776             16.05545             26.81633
      0.2402476             13.75092             27.01994
      0.2410176             40.20364             27.57742
      0.2417876             47.68271             27.88441
      0.2425576             13.46637             26.94188
      0.2433275             20.88998             27.24016
      0.2440975             17.14365             27.07013
      0.2448675             17.19455             26.95617
      0.2456375             9.260925             26.72142
      0.2464075             15.96729             26.87404
      0.2471774            -9.955444             26.43714
      0.2479474             6.230011             26.74175
      0.2487174             26.80179             27.20380
      0.2494874            -22.40366             25.84438
      0.2502574             6.978210             26.94545
      0.2510273             22.48364             27.24372
      0.2517973             34.27179             27.57627
      0.2525673             22.72635             27.15561
      0.2533373             25.43729             27.33368
      0.2541073             12.63364             26.95324
      0.2548773             48.46820             27.79871
      0.2556472             37.53000             27.62017
      0.2564172            -3.871796             26.71359
      0.2571872             31.61819             27.32122
      0.2579572             3.618195             26.69511
      0.2587271             47.26273             27.91975
      0.2594971             4.686371             26.84665
      0.2602671            -4.309082             26.68918
      0.2610371             6.752716             26.82825
      0.2618071            -21.49908             26.17201
      0.2625771             20.39273             27.25459
      0.2633470           -0.7045593             26.83537
      0.2641170             8.851807             26.85784
      0.2648870             6.635437             27.07578
      0.2656569             34.58908             27.62496
      0.2664269             9.222717             26.91786
      0.2671970            -10.23001             26.65840
      0.2679669            -14.73999             26.32813
      0.2687369             5.394562             27.08369
      0.2695069             47.67273             27.97881
      0.2702768            -12.56363             26.44655
      0.2710468             19.18457             27.52958
      0.2718168             2.957275             27.07942
      0.2725868             14.35001             27.24716
      0.2733568            -4.309998             26.88552
      0.2741268           -0.3609314             27.02777
      0.2748967            -2.416351             26.98938
      0.2756667             14.02728             27.40353
      0.2764367             13.94363             27.41274
      0.2772067             16.20178             27.45663
      0.2779766            -25.75180             26.34693
      0.2787466            0.7027283             27.19214
      0.2795166             1.393646             27.25967
      0.2802866             60.41998             28.45601
      0.2810566             31.07999             27.89288
      0.2818266            -4.873657             27.01134
      0.2825965             57.49271             28.79129
      0.2833665             9.786346             27.41457
      0.2841365             20.37363             27.72212
      0.2849064             14.10181             27.60608
      0.2856764             14.08636             27.52763
      0.2864465             14.94272             27.65328
      0.2872164            -8.593658             27.02708
      0.2879864             13.25180             27.60245
      0.2887564            -12.66635             26.93730
      0.2895263             39.26093             28.11819
      0.2902963            -1.352722             27.24985
      0.2910663             29.17273             28.02444
      0.2918363             15.00272             27.56062
      0.2926063             35.09543             27.97044
      0.2933763             10.28091             27.34310
      0.2941462             7.024567             27.30269
      0.2949162            -2.377289             27.12895
      0.2956862             15.10181             27.64058
      0.2964562             28.27179             27.94466
      0.2972261            -1.887299             27.22963
      0.2979961             7.289063             27.67822
      0.2987661             21.09909             28.01193
      0.2995361             5.666351             27.53844
      0.3003061             46.35272             28.51041
      0.3010761             5.074554             27.55315
      0.3018460            -17.10635             27.03747
      0.3026160             28.86728             28.10013
      0.3033860            -9.050934             27.07578
      0.3041559             9.929077             27.76783
      0.3049260             13.07455             27.75105
      0.3056960            -2.404572             27.26229
      0.3064659             9.842712             27.71840
      0.3072359            -20.17728             26.90831
      0.3080059            -18.58365             27.13835
      0.3087758             21.34363             28.16015
      0.3095458             9.008209             27.73640
      0.3103158            -2.806366             27.42581
      0.3110858            -3.018219             27.45913
      0.3118558             8.023651             27.78080
      0.3126258             2.445435             27.50706
      0.3133957            -1.121796             27.28978
      0.3141657             12.17178             27.57259
      0.3149357             33.69272             28.20141
      0.3157057             43.05908             28.59105
      0.3164756             5.904572             27.54240
      0.3172456             31.42999             28.30903
      0.3180156             6.193634             27.62587
      0.3187856             15.38544             27.99039
      0.3195556             16.05637             28.11702
      0.3203256             39.77820             28.66892
      0.3210955             26.97455             28.20039
      0.3218655             11.29907             27.89351
      0.3226355             16.05179             28.03700
      0.3234054             27.36093             28.33195
      0.3241755             21.45819             28.17978
      0.3249454             14.85999             27.94023
      0.3257154            -1.195435             27.59249
      0.3264854            -19.41180             27.11207
      0.3272554             21.80457             28.17945
      0.3280253            -6.164551             27.45697
      0.3287953            -10.19543             27.39313
      0.3295653            0.3917847             27.76043
      0.3303353            -9.411804             27.40826
      0.3311053             15.81091             28.06187
      0.3318753             28.74457             28.45147
      0.3326452            -11.64182             27.47340
      0.3334152            -10.31729             27.36262
      0.3341852             34.40909             28.63440
      0.3349552             14.72906             28.26253
      0.3357251             33.73999             28.69597
      0.3364951             11.26093             28.06027
      0.3372651           -0.7900085             27.73999
      0.3380351            0.4636230             27.88042
      0.3388051             2.602722             27.97182
      0.3395751             30.05090             28.64504
      0.3403450             9.081787             28.11016
      0.3411150             39.67999             28.96521
      0.3418850            -1.598206             27.89724
      0.3426549             12.44363             28.22426
      0.3434249             28.56729             28.68042
      0.3441949             18.49637             28.47194
      0.3449649             17.62454             28.38007
      0.3457349            -17.94272             27.41363
      0.3465049            -15.97363             27.60719
      0.3472748             1.949066             27.98283
      0.3480448             2.542725             28.28507
      0.3488148             18.14545             28.27759
      0.3495848             53.32635             29.32183
      0.3503547             5.774567             28.15268
      0.3511248            -8.179077             27.75481
      0.3518947             40.12091             29.20225
      0.3526647             27.17178             28.62320
      0.3534347             9.606354             28.37470
      0.3542047             32.42093             28.73480
      0.3549746            -4.078217             28.06063
      0.3557446             6.252716             28.47597
      0.3565146            -3.614563             28.11675
      0.3572845             17.59729             28.69480
      0.3580546            -28.45364             27.46199
      0.3588246             3.042725             28.47194
      0.3595945            -11.63272             28.07148
      0.3603645             46.30545             29.26915
      0.3611345             41.90363             29.26665
      0.3619044             17.83090             28.81336
      0.3626744             47.89728             29.47517
      0.3634444             10.78271             28.39790
      0.3642144             8.540009             28.48291
      0.3649844             17.60181             28.68419
      0.3657544             21.29272             28.66307
      0.3665243             7.787262             28.20274
      0.3672943             13.40543             28.38185
      0.3680643             31.09180             28.94986
      0.3688343             23.51364             28.58990
      0.3696042            -4.177277             28.02952
      0.3703743            -5.455444             28.06198
      0.3711442             28.99908             28.90328
      0.3719142             51.35001             29.53626
      0.3726842            -8.160004             27.94611
      0.3734542             22.59909             28.86906
      0.3742241             12.89273             28.57225
      0.3749941             53.26999             29.60923
      0.3757641             20.80637             28.79893
      0.3765341             28.17273             29.07984
      0.3773041             29.20999             29.20744
      0.3780740             4.298187             28.47024
      0.3788440             9.629089             28.91439
      0.3796140            -3.092712             28.41636
      0.3803840             30.76364             29.37012
      0.3811539             26.29999             29.27455
      0.3819239             17.31543             29.04413
      0.3826939             41.55820             29.67315
      0.3834639             25.19180             29.08016
      0.3842339             10.67273             28.90390
      0.3850039             11.22455             28.93859
      0.3857738             5.301788             28.79411
      0.3865438             8.946350             28.82567
      0.3873138            -5.857300             28.59811
      0.3880838             23.67456             29.52343
      0.3888537             5.952728             28.96200
      0.3896238           -0.1090698             28.75688
      0.3903937             20.21091             29.30033
      0.3911637             12.68091             29.23814
      0.3919337            -2.288208             28.76032
      0.3927037            -3.000916             28.60346
      0.3934736             20.72543             29.21090
      0.3942436             51.25092             29.98873
      0.3950136            -12.88821             28.47896
      0.3957836            -13.39365             28.39566
      0.3965536             26.11636             29.27018
      0.3973235             34.34821             29.50527
      0.3980935            -50.45999             27.40532
      0.3988635             7.080902             28.95344
      0.3996335             1.261780             28.84321
      0.4004034             20.51999             29.21235
      0.4011734             35.68542             29.53983
      0.4019434             47.32999             30.09489
      0.4027134             58.23273             30.18205
      0.4034834             17.83090             29.42470
      0.4042534             24.57727             29.47787
      0.4050233             4.124542             28.95377
      0.4057933             21.09363             29.35487
      0.4065633            0.1954346             28.84492
      0.4073333             24.84000             29.47958
      0.4081032             23.31454             29.22775
      0.4088733             22.19092             29.44553
      0.4096432             26.75363             29.37805
      0.4104132             8.285431             29.00948
      0.4111832             18.92999             29.35659
      0.4119532            -14.17819             28.75084
      0.4127231             33.87909             29.82222
      0.4134931             11.11090             29.35403
      0.4142631             19.95178             29.58815
      0.4150331            -36.05728             28.18581
      0.4158031            -29.22092             28.41636
      0.4165730            -9.289093             28.72926
      0.4173430            -15.00000             28.71609
      0.4181130             22.49457             29.55523
      0.4188830             14.23636             29.47253
      0.4196529            -13.47000             28.89008
      0.4204229            -13.96457             28.63723
      0.4211929             5.289063             29.32996
      0.4219629             20.66000             29.63400
      0.4227329             23.45456             29.69619
      0.4235029             42.16998             30.06587
      0.4242728            -33.57822             28.29419
      0.4250428            -5.417297             29.04475
      0.4258128             12.06180             29.33113
      0.4265828             19.08179             29.59334
      0.4273528             11.27820             29.23486
      0.4281228             19.64456             29.60012
      0.4288927           -0.9118042             29.20684
      0.4296627            -11.24274             28.83938
      0.4304327             8.030914             29.21119
      0.4312027             32.26273             29.94866
      0.4319726             22.38818             29.73867
      0.4327426             35.69272             30.14709
      0.4335126             17.89365             29.48506
      0.4342826             35.22272             30.00098
      0.4350526             4.125427             29.30499
      0.4358225             18.05270             29.76502
      0.4365925             11.50092             29.50966
      0.4373625             19.54727             29.68813
      0.4381325             29.26456             29.74736
      0.4389024            -7.704559             29.01767
      0.4396724             51.42999             30.37825
      0.4404424             54.29544             30.43066
      0.4412124           0.09906006             29.26537
      0.4419824             9.898193             29.41304
      0.4427524             65.98178             30.75200
      0.4435223            -3.528198             29.25459
      0.4442923             10.32181             29.52849
      0.4450623             8.048187             29.37381
      0.4458323             23.54272             29.82807
      0.4466023            -6.318207             29.09949
      0.4473723             34.61090             30.12019
      0.4481422            -2.775452             29.03896
      0.4489122             10.00821             29.37184
      0.4496822            -19.93457             28.82060
      0.4504521             2.915436             29.30185
      0.4512221            -5.713654             29.31940
      0.4519921            -1.450928             29.34482
      0.4527621            -21.56821             28.84817
      0.4535321            -12.86182             29.06584
      0.4543021             17.92636             29.68792
      0.4550720             14.64365             29.68308
      0.4558420             29.83820             29.99846
      0.4566120             16.56454             29.72682
      0.4573820             36.80728             30.03848
      0.4581519             6.436340             29.36535
      0.4589219            -6.429077             29.24878
      0.4596919             19.22635             29.75009
      0.4604619            -6.082733             29.24182
      0.4612319             21.02090             30.01239
      0.4620019             45.69180             30.56832
      0.4627718            -3.864563             29.37760
      0.4635418            -17.83365             29.13170
      0.4643118             46.39365             30.56184
      0.4650818            -7.977295             29.41724
      0.4658518            -12.45181             29.16573
      0.4666218             10.82635             29.66445
      0.4673917             34.42456             30.33244
      0.4681617            -3.838196             29.38313
      0.4689317             33.38272             30.27459
      0.4697016             23.74271             30.02582
      0.4704716             6.433624             29.60643
      0.4712416             43.78000             30.54551
      0.4720116             3.718201             29.69106
      0.4727816            -3.312714             29.25921
      0.4735516             35.53271             30.28316
      0.4743215             6.645447             29.63191
      0.4750915             18.56821             30.00888
      0.4758615             52.10455             30.72732
      0.4766315             3.047272             29.50629
      0.4774014             26.72906             30.17559
      0.4781715             15.04907             29.78720
      0.4789414             10.72906             29.78083
      0.4797114             12.92545             29.92341
      0.4804814             25.28091             30.13058
      0.4812514             9.967285             29.89289
      0.4820213            -43.24908             28.53133
      0.4827913             28.59180             30.19034
      0.4835613             64.40179             31.28198
      0.4843313             14.23636             29.92876
      0.4851013             14.32455             30.07401
      0.4858713             12.15909             29.94212
