n0 =          240
     0.02388324             413.7682             35.88209
     0.02465323             348.5500             34.71539
     0.02542320             347.3782             34.68280
     0.02619319             358.0100             34.75472
     0.02696316             367.7236             34.79223
     0.02773315             340.4591             34.14487
     0.02850312             288.8809             33.27759
     0.02927311             304.6427             33.49469
     0.03004308             304.2500             33.31969
     0.03081307             340.7027             33.95023
     0.03158304             339.2482             33.94589
     0.03235303             325.7627             33.60017
     0.03312300             281.8073             32.71072
     0.03389299             314.0745             33.38417
     0.03466296             319.2845             33.40136
     0.03543295             274.4700             32.44286
     0.03620292             276.7791             32.39925
     0.03697290             324.0309             33.27905
     0.03774288             258.5873             32.12479
     0.03851286             303.9673             32.73201
     0.03928284             309.1527             33.03814
     0.04005282             258.6891             32.07255
     0.04082280             309.3954             32.92006
     0.04159278             308.1064             32.99948
     0.04236276             307.7709             32.81647
     0.04313274             244.7709             31.77281
     0.04390272             259.5745             32.07278
     0.04467270             301.7691             32.77518
     0.04544269             326.4645             33.09282
     0.04621266             303.7164             32.78852
     0.04698265             262.5218             31.82714
     0.04775262             321.1973             33.11535
     0.04852261             315.7382             32.86217
     0.04929258             289.7073             32.35643
     0.05006257             334.5791             33.31212
     0.05083254             278.4027             32.42862
     0.05160253             320.3827             33.28176
     0.05237250             284.2173             32.45351
     0.05314249             311.2636             32.95694
     0.05391246             290.5327             32.56261
     0.05468245             314.3473             32.83670
     0.05545242             357.7845             33.82844
     0.05622241             265.2682             31.85151
     0.05699238             273.2882             31.95723
     0.05776237             355.2773             33.78463
     0.05853234             334.3809             33.25793
     0.05930233             336.9282             33.39893
     0.06007230             365.6855             33.92698
     0.06084229             309.4073             32.80570
     0.06161226             386.7737             34.27096
     0.06238224             339.4845             33.57630
     0.06315222             355.4227             33.75417
     0.06392220             342.8091             33.40860
     0.06469218             360.2836             33.75880
     0.06546216             353.6391             33.63316
     0.06623214             340.2064             33.44726
     0.06700212             335.1691             33.26566
     0.06777211             344.3127             33.42804
     0.06854208             347.5136             33.59122
     0.06931207             340.6791             33.32756
     0.07008204             352.4055             33.60682
     0.07085203             340.4827             33.29464
     0.07162200             394.8227             34.28903
     0.07239199             348.6682             33.44104
     0.07316196             332.1936             33.24734
     0.07393195             409.7764             34.53522
     0.07470192             376.0237             34.04769
     0.07547191             413.2000             34.69346
     0.07624188             431.8445             35.10942
     0.07701187             369.0255             33.98373
     0.07778184             401.4273             34.55094
     0.07855183             418.2263             34.84787
     0.07932180             405.5509             34.78498
     0.08009179             379.7318             34.10973
     0.08086176             441.0518             35.32718
     0.08163175             396.0409             34.46994
     0.08240172             471.0564             35.71412
     0.08317171             407.7164             34.65876
     0.08394168             445.1536             35.37655
     0.08471167             402.2573             34.66329
     0.08548164             421.4427             34.82494
     0.08625162             415.7827             34.80651
     0.08702160             414.4273             34.81707
     0.08779158             475.4073             35.88581
     0.08856156             404.9527             34.66776
     0.08933155             390.1582             34.31540
     0.09010153             478.9682             35.90746
     0.09087150             422.1227             34.86194
     0.09164147             379.7873             34.22778
     0.09241147             441.3036             35.12841
     0.09318145             407.1073             34.58706
     0.09395142             379.5555             34.17819
     0.09472139             395.2263             34.41859
     0.09549139             379.4227             34.10390
     0.09626137             411.4845             34.91935
     0.09703134             398.6655             34.49379
     0.09780131             375.2327             34.05341
     0.09857132             426.6655             35.17915
     0.09934129             412.0982             34.81601
      0.1001113             435.3036             35.26982
      0.1008812             362.7255             33.75298
      0.1016512             376.7364             34.08298
      0.1024212             328.3654             33.16836
      0.1031912             426.3545             34.91533
      0.1039612             346.6945             33.28624
      0.1047312             404.9000             34.55976
      0.1055011             373.0191             34.07507
      0.1062711             339.8755             33.37594
      0.1070411             378.7627             34.15282
      0.1078111             392.3300             34.40461
      0.1085811             337.4800             33.32756
      0.1093510             404.8927             34.72303
      0.1101210             358.6964             33.92175
      0.1108910             379.0673             34.29946
      0.1116610             375.5882             34.08247
      0.1124309             305.5109             32.65317
      0.1132009             267.6809             32.05369
      0.1139709             326.0100             33.11201
      0.1147409             351.1227             33.54112
      0.1155109             333.2863             33.27635
      0.1162808             361.6682             33.77485
      0.1170508             320.7009             32.95611
      0.1178208             333.5618             33.17820
      0.1185908             343.6236             33.47813
      0.1193608             367.5882             33.82265
      0.1201307             301.2836             32.71063
      0.1209007             286.9636             32.62025
      0.1216707             292.8709             32.55597
      0.1224407             299.4491             32.61188
      0.1232107             289.9854             32.53403
      0.1239807             283.4091             32.33961
      0.1247506             298.0891             32.56143
      0.1255206             302.8973             32.63270
      0.1262906             284.6500             32.40783
      0.1270606             291.9500             32.57496
      0.1278306             270.1709             32.11867
      0.1286005             268.7118             31.98177
      0.1293705             237.0627             31.41432
      0.1301405             298.9345             32.76592
      0.1309105             299.9964             32.86140
      0.1316804             287.0627             32.32162
      0.1324504             285.1400             32.27168
      0.1332204             295.4182             32.56308
      0.1339904             260.1291             31.90512
      0.1347604             310.2991             32.89842
      0.1355303             259.8091             31.73231
      0.1363003             255.2064             31.78114
      0.1370703             244.5527             31.47318
      0.1378403             284.8709             32.27031
      0.1386103             262.9218             31.93710
      0.1393802             279.8600             32.31789
      0.1401502             253.1800             31.66346
      0.1409202             279.4736             32.31600
      0.1416902             245.0255             31.20848
      0.1424602             230.3455             31.14974
      0.1432302             264.7473             31.98145
      0.1440001             277.7627             32.18492
      0.1447701             195.7582             30.49487
      0.1455401             243.8354             31.48772
      0.1463101             240.7445             31.53581
      0.1470800             277.6164             32.31484
      0.1478500             260.9254             32.05141
      0.1486200             267.4618             32.19802
      0.1493900             215.3073             31.10301
      0.1501600             189.4109             30.55531
      0.1509299             223.7773             31.29014
      0.1516999             217.9473             31.10971
      0.1524699             224.6318             31.24996
      0.1532399             217.9873             31.07302
      0.1540099             238.1418             31.55713
      0.1547798             216.3473             31.08742
      0.1555498             244.8418             31.57711
      0.1563198             233.5791             31.24093
      0.1570898             235.8882             31.45255
      0.1578598             206.6873             30.84872
      0.1586298             176.9236             30.03221
      0.1593997             167.5618             29.86069
      0.1601697             202.6855             30.67105
      0.1609397             203.9591             30.67789
      0.1617097             181.2173             30.23227
      0.1624797             214.6145             30.85455
      0.1632496             177.6100             30.03754
      0.1640196             198.4355             30.60773
      0.1647896             160.4664             29.77035
      0.1655596             150.5854             29.73694
      0.1663295             171.8791             30.20206
      0.1670995             178.7927             30.31170
      0.1678695             174.3555             30.33855
      0.1686395             215.6027             31.11723
      0.1694095             170.7991             30.24018
      0.1701794             186.5564             30.45899
      0.1709494             155.0245             29.90631
      0.1717194             172.8082             30.19462
      0.1724894             147.2100             29.49112
      0.1732594             191.6736             30.59883
      0.1740293             193.4045             30.57598
      0.1747993             183.0600             30.28544
      0.1755693             175.7863             30.22815
      0.1763393             173.3336             30.22313
      0.1771093             154.9582             29.72733
      0.1778793             98.86090             28.37220
      0.1786492             148.1500             29.80291
      0.1794192             171.6664             30.28559
      0.1801892             145.1454             29.83430
      0.1809592             152.5582             29.88725
      0.1817292             144.3373             29.82339
      0.1824991             142.6064             29.75393
      0.1832691             107.3900             28.94889
      0.1840391             124.2509             29.22105
      0.1848091             119.5136             29.25342
      0.1855790             142.5645             29.71996
      0.1863490             171.7964             30.35051
      0.1871190             141.6109             29.76124
      0.1878890             89.76999             28.43974
      0.1886590             94.67273             28.68686
      0.1894289             83.51364             28.22124
      0.1901989             112.4936             29.12887
      0.1909689             60.38547             27.86004
      0.1917389             97.83817             28.56995
      0.1925089             67.54453             27.99880
      0.1932788             106.3018             29.06599
      0.1940488             82.20453             28.46369
      0.1948188             43.73001             27.37119
      0.1955888             75.41000             28.03164
      0.1963588             67.20453             27.98938
      0.1971288             79.91089             28.28221
      0.1978987             58.52908             27.74408
      0.1986687             38.86911             27.23647
      0.1994387             50.73001             27.50238
      0.2002087             59.03000             27.82019
      0.2009787             42.36545             27.46050
      0.2017486             34.90634             27.29988
      0.2025186             51.35001             27.70952
      0.2032886             45.45819             27.48932
      0.2040586             73.19547             28.26402
      0.2048285             38.02090             27.41991
      0.2055985             33.01001             27.09520
      0.2063685             54.90182             27.78694
      0.2071385             74.95273             28.16994
      0.2079085             63.10272             27.90801
      0.2086784             48.41180             27.71235
      0.2094484             45.72089             27.41545
      0.2102184             14.68542             26.82065
      0.2109884             16.57727             26.71140
      0.2117584            -2.133636             26.39602
      0.2125283            -33.16455             25.48472
      0.2132983             41.98999             27.48393
      0.2140683             10.73819             26.70271
      0.2148383             24.72726             27.06427
      0.2156083             34.24820             27.30987
      0.2163783             28.37634             27.05515
      0.2171482            -4.299072             26.34132
      0.2179182             50.04089             27.69381
      0.2186882             31.28818             27.11603
      0.2194582             3.612701             26.40009
      0.2202282             26.64816             26.94430
      0.2209981             21.84454             26.87824
      0.2217681             17.11182             26.72142
      0.2225381             16.06088             26.72519
      0.2233081            -5.283630             26.20606
      0.2240780             6.500000             26.42886
      0.2248480            -12.70093             26.06670
      0.2256180            -6.906372             26.16081
      0.2263880            -6.250916             26.44391
      0.2271580            -3.023651             26.49230
      0.2279279            -18.94635             25.93973
      0.2286979             31.29181             27.27708
      0.2294679             12.53906             26.94558
      0.2302379             16.45093             27.04045
      0.2310079            -1.992737             26.47451
      0.2317779             11.76001             26.75518
      0.2325478             28.49271             27.34632
      0.2333178             9.905426             26.78524
      0.2340878             4.574554             26.42258
      0.2348578             15.65634             26.96060
      0.2356278             26.38727             27.23102
      0.2363977             3.058197             26.65887
      0.2371677             2.459991             26.51535
      0.2379377             19.97635             26.89943
      0.2387077            -5.341797             26.38237
      0.2394776            -10.94455             26.10220
      0.2402476             7.750916             26.86291
      0.2410176            -4.796356             26.40795
      0.2417876             58.68271             28.15754
      0.2425576            -4.533630             26.46552
      0.2433275            0.8899841             26.71668
      0.2440975             8.143646             26.83570
      0.2448675            -20.80545             25.94453
      0.2456375             4.260925             26.58975
      0.2464075             15.96729             26.87404
      0.2471774             15.04456             27.09928
      0.2479474            -1.769989             26.52975
      0.2487174            -6.198212             26.33814
      0.2494874            -32.40366             25.56787
      0.2502574            -5.021790             26.62744
      0.2510273             20.48364             27.19222
      0.2517973            0.2717896             26.69463
      0.2525673             9.726349             26.81881
      0.2533373            -5.562714             26.52274
      0.2541073           -0.3663635             26.61183
      0.2548773            -22.53180             25.94724
      0.2556472            -22.47000             26.04423
      0.2564172            -14.87180             26.41812
      0.2571872            -3.381805             26.41180
      0.2579572            -8.381805             26.37620
      0.2587271            -20.73727             26.15030
      0.2594971             19.68637             27.23631
      0.2602671             14.69092             27.18819
      0.2610371             28.75272             27.39635
      0.2618071             6.500916             26.91943
      0.2625771            -15.60727             26.30693
      0.2633470             32.29544             27.68706
      0.2641170            -15.14819             26.22175
      0.2648870            -18.36456             26.41084
      0.2656569             15.58908             27.14044
      0.2664269             21.22272             27.22812
      0.2671970            -19.23001             26.41630
      0.2679669             25.26001             27.37394
      0.2687369             27.39456             27.64953
      0.2695069             2.672729             26.83384
      0.2702768            -24.56363             26.12304
      0.2710468             11.18457             27.32411
      0.2718168             9.957275             27.26150
      0.2725868             24.35001             27.50233
      0.2733568            -18.31000             26.51293
      0.2741268            -29.36093             26.25311
      0.2748967             25.58365             27.70864
      0.2756667            -29.97272             26.24348
      0.2764367             14.94363             27.43837
      0.2772067             17.20178             27.48216
      0.2779766            -9.751801             26.77519
      0.2787466            -12.29727             26.85073
      0.2795166            -10.60635             26.94518
      0.2802866            -5.580017             26.79836
      0.2810566             32.07999             27.91784
      0.2818266             12.12634             27.45119
      0.2825965            -31.50729             26.51509
      0.2833665             2.786346             27.23419
      0.2841365             14.37363             27.56963
      0.2849064            -2.898193             27.16857
      0.2856764             52.08636             28.47200
      0.2864465             38.94272             28.25335
      0.2872164             21.40634             27.79773
      0.2879864            -4.748199             27.13889
      0.2887564             10.33365             27.53482
      0.2895263             7.260925             27.31196
      0.2902963            -48.35272             25.98484
      0.2910663             4.172729             27.38854
      0.2918363             2.002716             27.22650
      0.2926063             11.09543             27.36505
      0.2933763             18.28091             27.54723
      0.2941462             18.02457             27.58319
      0.2949162            -23.37729             26.57511
      0.2956862             12.10181             27.56419
      0.2964562             10.27179             27.48948
      0.2972261             4.112701             27.38476
      0.2979961             9.289063             27.72931
      0.2987661             17.09909             27.91130
      0.2995361             11.66635             27.69133
      0.3003061            -7.647278             27.15454
      0.3010761             31.07455             28.20651
      0.3018460             5.893646             27.63419
      0.3026160            -32.13272             26.52276
      0.3033860            -18.05093             26.83910
      0.3041559            -27.07092             26.80249
      0.3049260             3.074554             27.49655
      0.3056960             4.595428             27.44195
      0.3064659             12.84271             27.79441
      0.3072359            -5.177277             27.30009
      0.3080059            0.4163513             27.63127
      0.3087758             3.343628             27.70555
      0.3095458            -4.991791             27.37776
      0.3103158            -11.80637             27.19233
      0.3110858             5.981781             27.69013
      0.3118558            -13.97635             27.21346
      0.3126258            -7.554565             27.24886
      0.3133957            -18.12180             26.84635
      0.3141657             4.171783             27.36873
      0.3149357            0.6927185             27.37049
      0.3157057            -15.94092             27.09906
      0.3164756            -6.095428             27.23378
      0.3172456             35.42999             28.40768
      0.3180156            -10.80637             27.18778
      0.3187856            -7.614563             27.40385
      0.3195556             13.05637             28.04169
      0.3203256             3.778198             27.77317
      0.3210955             20.97455             28.05168
      0.3218655             5.299072             27.74179
      0.3226355            -3.948212             27.52994
      0.3234054             40.36093             28.65046
      0.3241755            -17.54181             27.18370
      0.3249454             43.85999             28.65601
      0.3257154             16.80457             28.04766
      0.3264854             14.58820             27.98322
      0.3272554             45.80457             28.76716
      0.3280253            -5.164551             27.48270
      0.3287953            -12.19543             27.34128
      0.3295653             1.391785             27.78597
      0.3303353            -23.41180             27.04285
      0.3311053            -4.189087             27.55610
      0.3318753             8.744568             27.95453
      0.3326452             10.35818             28.03334
      0.3334152            -23.31729             27.02445
      0.3341852           -0.5909119             27.76191
      0.3349552            -19.27094             27.39479
      0.3357251             28.73999             28.57377
      0.3364951             36.26093             28.67654
      0.3372651            -14.79001             27.38136
      0.3380351            -4.536377             27.75358
      0.3388051             27.60272             28.59264
      0.3395751            -25.94910             27.22993
      0.3403450             23.08179             28.45757
      0.3411150            -6.320007             27.82469
      0.3418850             16.40179             28.34839
      0.3426549             24.44363             28.52058
      0.3434249             1.567291             28.01075
      0.3441949             10.49637             28.27390
      0.3449649            -18.37546             27.47070
      0.3457349             14.05728             28.22399
      0.3465049             8.026367             28.21647
      0.3472748            0.9490662             27.95762
      0.3480448             19.54272             28.70773
      0.3488148             5.145447             27.95439
      0.3495848             11.32635             28.30407
      0.3503547             9.774567             28.25255
      0.3511248            -9.179077             27.72931
      0.3518947            -14.87909             27.83919
      0.3526647            -4.828217             27.82800
      0.3534347             32.60635             28.93757
      0.3542047            -15.57907             27.54171
      0.3549746             26.92178             28.82672
      0.3557446             13.25272             28.64893
      0.3565146             4.385437             28.31725
      0.3572845            -31.40271             27.45596
      0.3580546             7.546356             28.37487
      0.3588246            -19.95728             27.89215
      0.3595945            -15.63272             27.96994
      0.3603645             5.305450             28.27737
      0.3611345            -17.09637             27.81676
      0.3619044             16.83090             28.78891
      0.3626744            -5.102722             28.18377
      0.3634444            -22.21729             27.56487
      0.3642144           -0.4599915             28.25833
      0.3649844            -16.39819             27.83186
      0.3657544            -25.70728             27.48088
      0.3665243             1.787262             28.05312
      0.3672943            -2.594574             27.98283
      0.3680643             37.09180             29.09420
      0.3688343            -7.486359             27.81908
      0.3696042            -7.177277             27.95361
      0.3703743            -19.45544             27.70475
      0.3711442             26.99908             28.85483
      0.3719142            -2.649994             28.22281
      0.3726842             12.84000             28.47017
      0.3734542             14.59909             28.67387
      0.3742241             31.89273             29.03391
      0.3749941            -27.73001             27.61999
      0.3757641             40.80637             29.27898
      0.3765341             2.172729             28.44468
      0.3773041            -4.790009             28.37577
      0.3780740            -51.70181             27.03855
      0.3788440             10.62909             28.93884
      0.3796140            -17.09271             28.06547
      0.3803840             34.76364             29.46525
      0.3811539             8.299988             28.83899
      0.3819239            -9.684570             28.38015
      0.3826939             15.55820             29.05262
      0.3834639            -3.808197             28.37294
      0.3842339            -10.32727             28.38688
      0.3850039             7.224548             28.84123
      0.3857738             10.30179             28.91602
      0.3865438            -8.053650             28.40764
      0.3873138           -0.8572998             28.72150
      0.3880838            -1.325439             28.91809
      0.3888537            -5.047272             28.69217
      0.3896238            -20.10907             28.25993
      0.3903937            -22.78909             28.24395
      0.3911637            -18.31909             28.47668
      0.3919337             9.711792             29.05275
      0.3927037            -11.00092             28.40543
      0.3934736            -39.27457             27.71917
      0.3942436            -18.74908             28.29948
      0.3950136             9.111786             29.02094
      0.3957836             26.60635             29.37184
      0.3965536             9.116364             28.86049
      0.3973235            -21.65179             28.13661
      0.3980935             20.54001             29.18318
      0.3988635             14.08090             29.12331
      0.3996335             26.26178             29.44714
      0.4004034             63.51999             30.21780
      0.4011734            -13.31458             28.35440
      0.4019434           -0.6700134             28.95031
      0.4027134             7.232727             28.98015
      0.4034834            -8.169098             28.79254
      0.4042534            -3.422729             28.80027
      0.4050233             25.12454             29.45870
      0.4057933             25.09363             29.45011
      0.4065633             24.19543             29.42502
      0.4073333             13.84000             29.21601
      0.4081032            -23.68546             28.07580
      0.4088733             31.19092             29.65921
      0.4096432            -10.24637             28.48204
      0.4104132             33.28543             29.60512
      0.4111832            -20.07001             28.40426
      0.4119532            -1.178192             29.07088
      0.4127231            -29.12091             28.29049
      0.4134931             29.11090             29.78262
      0.4142631            -10.04822             28.86214
      0.4150331            -12.05728             28.78587
      0.4158031             40.77908             30.10168
      0.4165730            -19.28909             28.48232
      0.4173430            -21.00000             28.56739
      0.4181130             36.49457             29.88376
      0.4188830             11.23636             29.40074
      0.4196529            -42.47000             28.16084
      0.4204229            -13.96457             28.63723
      0.4211929            -9.710938             28.96550
      0.4219629             34.66000             29.96290
      0.4227329             36.45456             30.00042
      0.4235029             8.169983             29.26434
      0.4242728             11.42178             29.40243
      0.4250428             11.58270             29.45539
      0.4258128             5.061798             29.16302
      0.4265828             59.08179             30.52304
      0.4273528             11.27820             29.23486
      0.4281228            -1.355438             29.09636
      0.4288927             14.08820             29.56749
      0.4296627             19.75726             29.58829
      0.4304327            -22.96909             28.45248
      0.4312027             9.262726             29.40377
      0.4319726            -14.61182             28.84786
      0.4327426             11.69272             29.58261
      0.4335126            -6.106354             28.90899
      0.4342826            -1.777283             29.12233
      0.4350526             3.125427             29.28092
      0.4358225             16.05270             29.71757
      0.4365925             31.50092             29.98215
      0.4373625             23.54727             29.78262
      0.4381325            -14.73544             28.69220
      0.4389024             31.29544             29.94805
      0.4396724             23.42999             29.72964
      0.4404424             16.29544             29.54747
      0.4412124             41.09906             30.23470
      0.4419824             2.898193             29.24494
      0.4427524             21.98178             29.74016
      0.4435223            -20.52820             28.83857
      0.4442923             19.32181             29.74217
      0.4450623             8.048187             29.37381
      0.4458323            -23.45728             28.69106
      0.4466023            -19.31821             28.78022
      0.4473723             7.610901             29.48407
      0.4481422            -34.77545             28.24959
      0.4489122            -3.991791             29.03543
      0.4496822             17.06543             29.71348
      0.4504521             11.91544             29.51699
      0.4512221             2.286346             29.51275
      0.4519921             33.54907             30.17409
      0.4527621             17.43179             29.78934
      0.4535321            -5.861816             29.23612
      0.4543021            -12.07364             28.96779
      0.4550720             21.64365             29.84798
      0.4558420             11.83820             29.57464
      0.4566120             26.56454             29.96227
      0.4573820            -22.19272             28.62731
      0.4581519            -2.563660             29.14897
      0.4589219            -23.42908             28.83226
      0.4596919            -6.773651             29.12956
      0.4604619            -38.08273             28.45245
      0.4612319             15.02090             29.87128
      0.4620019             22.69180             30.03754
      0.4627718             27.13544             30.11043
      0.4635418             16.16635             29.94694
      0.4643118             27.39365             30.12524
      0.4650818             23.02271             30.15254
      0.4658518            -9.451813             29.23845
      0.4666218            -21.17365             28.89362
      0.4673917             9.424561             29.74862
      0.4681617             25.16180             30.06866
      0.4689317             14.38272             29.83138
      0.4697016             31.74271             30.21191
      0.4704716            -17.56638             29.02701
      0.4712416             27.78000             30.17726
      0.4720116            -6.281799             29.45132
      0.4727816             5.687286             29.47435
      0.4735516             3.532715             29.53378
      0.4743215           -0.3545532             29.46477
      0.4750915           -0.4317932             29.55826
      0.4758615             20.10455             29.99076
      0.4766315             20.04727             29.90857
      0.4774014             23.72906             30.10584
      0.4781715            -2.950928             29.36005
      0.4789414            -9.270935             29.30298
      0.4797114             16.92545             30.01738
      0.4804814            -3.719086             29.44581
      0.4812514             12.96729             29.96356
      0.4820213             6.750916             29.75029
      0.4827913            -44.40820             28.43368
      0.4835613             2.401794             29.85884
      0.4843313            -3.763641             29.50258
      0.4851013             43.32455             30.74257
      0.4858713             11.15909             29.91862
