n0 =          240
     0.02388324             317.7682             34.11665
     0.02465323             312.5500             34.03597
     0.02542320             347.3782             34.68280
     0.02619319             305.0100             33.75042
     0.02696316             337.7236             34.23045
     0.02773315             336.4591             34.06907
     0.02850312             387.8809             35.15710
     0.02927311             329.6427             33.97709
     0.03004308             328.2500             33.78366
     0.03081307             321.7027             33.58657
     0.03158304             337.2482             33.90776
     0.03235303             296.7627             33.03551
     0.03312300             318.8073             33.43895
     0.03389299             347.0745             34.01954
     0.03466296             273.2845             32.49064
     0.03543295             259.4700             32.13881
     0.03620292             313.7791             33.13262
     0.03697290             308.0309             32.96669
     0.03774288             286.5873             32.69074
     0.03851286             293.9673             32.53374
     0.03928284             316.1527             33.17548
     0.04005282             293.6891             32.77915
     0.04082280             296.3954             32.66322
     0.04159278             266.1064             32.15869
     0.04236276             253.7709             31.72924
     0.04313274             233.7709             31.54354
     0.04390272             333.5745             33.54520
     0.04467270             320.7691             33.14940
     0.04544269             337.4645             33.30618
     0.04621266             281.7164             32.34815
     0.04698265             324.5218             33.06554
     0.04775262             267.1973             32.03768
     0.04852261             293.7382             32.42666
     0.04929258             294.7073             32.45639
     0.05006257             309.5791             32.82424
     0.05083254             334.4027             33.53655
     0.05160253             284.3827             32.56794
     0.05237250             286.2173             32.49374
     0.05314249             256.2636             31.84911
     0.05391246             326.5327             33.27253
     0.05468245             284.3473             32.24093
     0.05545242             278.7845             32.28020
     0.05622241             284.2682             32.23727
     0.05699238             305.2882             32.59986
     0.05776237             313.2773             32.96957
     0.05853234             342.3809             33.41258
     0.05930233             335.9282             33.37959
     0.06007230             311.6855             32.88367
     0.06084229             312.4073             32.86488
     0.06161226             326.7737             33.12778
     0.06238224             336.4845             33.51833
     0.06315222             339.4227             33.44715
     0.06392220             351.8091             33.58136
     0.06469218             350.2836             33.56804
     0.06546216             331.6391             33.20944
     0.06623214             380.2064             34.20763
     0.06700212             373.1691             33.99221
     0.06777211             391.3127             34.31861
     0.06854208             361.5136             33.85907
     0.06931207             316.6791             32.85973
     0.07008204             326.4055             33.10381
     0.07085203             350.4827             33.48723
     0.07162200             349.8227             33.43880
     0.07239199             405.6682             34.51425
     0.07316196             374.1936             34.05216
     0.07393195             393.7764             34.23912
     0.07470192             350.0237             33.55312
     0.07547191             378.2000             34.04370
     0.07624188             434.8445             35.16370
     0.07701187             372.0255             34.04037
     0.07778184             424.4273             34.97270
     0.07855183             405.2263             34.60932
     0.07932180             441.5509             35.44055
     0.08009179             371.7318             33.95929
     0.08086176             367.0518             33.96291
     0.08163175             361.0409             33.81289
     0.08240172             376.0564             33.98398
     0.08317171             381.7164             34.17626
     0.08394168             419.1536             34.90560
     0.08471167             369.2573             34.04683
     0.08548164             450.4427             35.34870
     0.08625162             445.7827             35.35029
     0.08702160             384.4273             34.26186
     0.08779158             386.4073             34.27359
     0.08856156             414.9527             34.85157
     0.08933155             420.1582             34.86908
     0.09010153             390.9682             34.31597
     0.09087150             395.1227             34.36514
     0.09164147             400.7873             34.61924
     0.09241147             427.3036             34.87533
     0.09318145             403.1073             34.51329
     0.09395142             421.5555             34.95552
     0.09472139             417.2263             34.82379
     0.09549139             405.4227             34.58706
     0.09626137             415.4845             34.99263
     0.09703134             394.6655             34.41972
     0.09780131             398.2327             34.48216
     0.09857132             401.6655             34.72163
     0.09934129             381.0982             34.24171
      0.1001113             393.3036             34.50037
      0.1008812             340.7255             33.33144
      0.1016512             338.7364             33.35854
      0.1024212             378.3654             34.12442
      0.1031912             404.3545             34.51231
      0.1039612             352.6945             33.40137
      0.1047312             342.9000             33.38946
      0.1055011             329.0191             33.23130
      0.1062711             309.8755             32.78980
      0.1070411             322.7627             33.08042
      0.1078111             378.3300             34.14319
      0.1085811             353.4800             33.63480
      0.1093510             335.8927             33.42191
      0.1101210             360.6964             33.95977
      0.1108910             277.0673             32.31280
      0.1116610             357.5882             33.74205
      0.1124309             340.5109             33.33675
      0.1132009             341.6809             33.52030
      0.1139709             351.0100             33.59513
      0.1147409             393.1227             34.33381
      0.1155109             336.2863             33.33463
      0.1162808             311.6682             32.80522
      0.1170508             330.7009             33.15118
      0.1178208             301.5618             32.55009
      0.1185908             315.6236             32.93356
      0.1193608             300.5882             32.52463
      0.1201307             338.2836             33.43550
      0.1209007             297.9636             32.84052
      0.1216707             280.8709             32.31461
      0.1224407             335.4491             33.31796
      0.1232107             338.9854             33.49703
      0.1239807             303.4091             32.73866
      0.1247506             274.0891             32.07948
      0.1255206             292.8973             32.43349
      0.1262906             270.6500             32.12440
      0.1270606             267.9500             32.09065
      0.1278306             270.1709             32.11867
      0.1286005             308.7118             32.78444
      0.1293705             283.0627             32.35900
      0.1301405             308.9345             32.96387
      0.1309105             259.9964             32.05416
      0.1316804             297.0627             32.52162
      0.1324504             273.1400             32.02914
      0.1332204             280.4182             32.26198
      0.1339904             239.1291             31.46968
      0.1347604             305.2991             32.79956
      0.1355303             294.8091             32.44181
      0.1363003             313.2064             32.94990
      0.1370703             261.5527             31.82417
      0.1378403             302.8709             32.63033
      0.1386103             274.9218             32.18225
      0.1393802             271.8600             32.15541
      0.1401502             302.1800             32.65686
      0.1409202             265.4736             32.03093
      0.1416902             239.0255             31.08315
      0.1424602             248.3455             31.52639
      0.1432302             275.7473             32.20571
      0.1440001             236.7627             31.33975
      0.1447701             232.7582             31.28634
      0.1455401             249.8354             31.61240
      0.1463101             224.7445             31.20013
      0.1470800             255.6164             31.86687
      0.1478500             221.9254             31.23985
      0.1486200             232.4618             31.47534
      0.1493900             197.3073             30.71677
      0.1501600             212.4109             31.05091
      0.1509299             239.7773             31.62523
      0.1516999             196.9473             30.66013
      0.1524699             192.6318             30.56452
      0.1532399             210.9873             30.92385
      0.1540099             206.1418             30.87972
      0.1547798             232.3473             31.42579
      0.1555498             190.8418             30.42757
      0.1563198             217.5791             30.90286
      0.1570898             221.8882             31.15754
      0.1578598             168.6873             30.01698
      0.1586298             193.9236             30.40551
      0.1593997             175.5618             30.03904
      0.1601697             213.6855             30.90785
      0.1609397             209.9591             30.80711
      0.1617097             175.2173             30.09956
      0.1624797             161.6145             29.69374
      0.1632496             200.6100             30.54020
      0.1640196             175.4355             30.10460
      0.1647896             180.4664             30.21493
      0.1655596             183.5854             30.47237
      0.1663295             180.8791             30.40084
      0.1670995             196.7927             30.70414
      0.1678695             204.3555             30.99079
      0.1686395             141.6027             29.49050
      0.1694095             139.7991             29.54378
      0.1701794             193.5564             30.61109
      0.1709494             142.0245             29.61161
      0.1717194             176.8082             30.28293
      0.1724894             141.2100             29.35447
      0.1732594             207.6736             30.94407
      0.1740293             178.4045             30.24754
      0.1747993             174.0600             30.08724
      0.1755693             154.7863             29.75925
      0.1763393             217.3336             31.17626
      0.1771093             77.95819             27.92180
      0.1778793             136.8609             29.26020
      0.1786492             144.1500             29.71228
      0.1794192             127.6664             29.29351
      0.1801892             123.1454             29.33009
      0.1809592             119.5582             29.13284
      0.1817292             146.3373             29.86861
      0.1824991             125.6064             29.36575
      0.1832691             93.38998             28.61742
      0.1840391             100.2509             28.66028
      0.1848091             142.5136             29.78028
      0.1855790             159.5645             30.10183
      0.1863490             120.7964             29.19873
      0.1871190             127.6109             29.44139
      0.1878890             98.76999             28.65488
      0.1886590             110.6727             29.06526
      0.1894289             120.5136             29.09595
      0.1901989             103.4936             28.91779
      0.1909689             99.38547             28.80452
      0.1917389             72.83817             27.96743
      0.1925089             94.54453             28.65258
      0.1932788             99.30182             28.90054
      0.1940488             78.20453             28.36679
      0.1948188             84.73001             28.38455
      0.1955888             46.41000             27.31145
      0.1963588             76.20453             28.20962
      0.1971288             42.91089             27.36552
      0.1978987             103.5291             28.83395
      0.1986687             107.8691             28.92435
      0.1994387             58.73001             27.70238
      0.2002087             51.03000             27.62069
      0.2009787             14.36545             26.73838
      0.2017486             111.9063             29.17934
      0.2025186             13.35001             26.73453
      0.2032886             13.45819             26.66510
      0.2040586             47.19547             27.62034
      0.2048285             76.02090             28.36313
      0.2055985             41.01001             27.29906
      0.2063685             25.90182             27.05116
      0.2071385             52.95273             27.62730
      0.2079085             18.10272             26.76600
      0.2086784             32.41180             27.30619
      0.2094484             20.72089             26.77455
      0.2102184             38.68542             27.44040
      0.2109884             42.57727             27.38015
      0.2117584             23.86636             27.08130
      0.2125283            -5.164551             26.25557
      0.2132983             26.98999             27.10093
      0.2140683            -38.26181             25.36623
      0.2148383             26.72726             27.11591
      0.2156083            -15.75180             25.98962
      0.2163783             42.37634             27.41238
      0.2171482            -15.29907             26.04237
      0.2179182             60.04089             27.94288
      0.2186882             54.28818             27.69805
      0.2194582             57.61270             27.78971
      0.2202282             15.64816             26.65739
      0.2209981             5.844543             26.45716
      0.2217681             47.11182             27.49309
      0.2225381             7.060883             26.48752
      0.2233081             26.71637             27.05072
      0.2240780            -46.50000             24.96556
      0.2248480            -21.70093             25.81954
      0.2256180             26.09363             27.03127
      0.2263880           -0.2509155             26.60473
      0.2271580             49.97635             27.86069
      0.2279279             7.053650             26.63874
      0.2286979            -6.708191             26.28360
      0.2294679             25.53906             27.28238
      0.2302379             20.45093             27.14429
      0.2310079             33.00726             27.38765
      0.2317779            -26.23999             25.73187
      0.2325478            -2.507294             26.53650
      0.2333178          -0.09457397             26.52135
      0.2340878            -22.42545             25.69404
      0.2348578            -1.343658             26.51164
      0.2356278             10.38727             26.81396
      0.2363977            -9.941803             26.31017
      0.2371677            -20.54001             25.89296
      0.2379377             6.976349             26.55943
      0.2387077             10.65820             26.80581
      0.2394776             6.055450             26.55497
      0.2402476             10.75092             26.94159
      0.2410176             25.20364             27.19542
      0.2417876             43.68271             27.78416
      0.2425576             35.46637             27.50847
      0.2433275            -3.110016             26.61024
      0.2440975            -17.85635             26.14170
      0.2448675             10.19455             26.77384
      0.2456375            -10.73907             26.18913
      0.2464075             8.967285             26.69122
      0.2471774             5.044556             26.83720
      0.2479474             9.230011             26.82065
      0.2487174            0.8017883             26.52509
      0.2494874             15.59634             26.85889
      0.2502574            -12.02179             26.43941
      0.2510273             5.483643             26.80150
      0.2517973             12.27179             27.01043
      0.2525673             5.726349             26.71398
      0.2533373             12.43729             26.99778
      0.2541073             11.63364             26.92720
      0.2548773             16.46820             26.98626
      0.2556472             22.53000             27.23816
      0.2564172             8.128204             27.03072
      0.2571872             4.618195             26.62351
      0.2579572            -34.38181             25.66580
      0.2587271             8.262726             26.92497
      0.2594971            -8.313629             26.50237
      0.2602671            -10.30908             26.52882
      0.2610371            -6.247284             26.48446
      0.2618071             21.50092             27.30804
      0.2625771             3.392731             26.81297
      0.2633470            -7.704559             26.64974
      0.2641170            -12.14819             26.30245
      0.2648870            0.6354370             26.91832
      0.2656569             5.589081             26.88050
      0.2664269             45.22272             27.83428
      0.2671970             8.769989             27.15949
      0.2679669             13.26001             27.06614
      0.2687369            -20.60544             26.39263
      0.2695069             4.672729             26.88618
      0.2702768             34.43637             27.66313
      0.2710468             11.18457             27.32411
      0.2718168             6.957275             27.18368
      0.2725868            -11.64999             26.56754
      0.2733568           -0.3099976             26.99064
      0.2741268            -9.360931             26.79076
      0.2748967             57.58365             28.49994
      0.2756667            -1.972717             26.98983
      0.2764367             13.94363             27.41274
      0.2772067             11.20178             27.32846
      0.2779766             10.24820             27.29723
      0.2787466            -13.29727             26.82421
      0.2795166             1.393646             27.25967
      0.2802866            -26.58002             26.23983
      0.2810566             33.07999             27.94276
      0.2818266            -30.87366             26.31833
      0.2825965            -1.507294             27.31251
      0.2833665            -6.213654             26.99976
      0.2841365             21.37363             27.74743
      0.2849064             27.10181             27.93418
      0.2856764            -18.91364             26.66904
      0.2864465            -12.05728             26.95556
      0.2872164            -15.59366             26.84274
      0.2879864             17.25180             27.70398
      0.2887564             23.33365             27.86461
      0.2895263             20.26093             27.64345
      0.2902963             13.64728             27.63640
      0.2910663             41.17273             28.32259
      0.2918363             3.002716             27.25241
      0.2926063            -4.904572             26.95080
      0.2933763            -3.719086             26.98064
      0.2941462             19.02457             27.60849
      0.2949162             24.62271             27.81842
      0.2956862             42.10181             28.31526
      0.2964562             32.27179             28.04441
      0.2972261             2.112701             27.33318
      0.2979961             1.289063             27.52411
      0.2987661             27.09909             28.16193
      0.2995361            -3.333649             27.30682
      0.3003061            -24.64728             26.70745
      0.3010761            -28.92545             26.66430
      0.3018460             51.89365             28.77612
      0.3026160            -6.132721             27.21090
      0.3033860             27.94907             28.01952
      0.3041559             18.92908             27.99556
      0.3049260             34.07455             28.27511
      0.3056960             13.59543             27.67056
      0.3064659            -2.157288             27.41141
      0.3072359             14.82272             27.81045
      0.3080059            0.4163513             27.63127
      0.3087758            -28.65637             26.87016
      0.3095458             17.00821             27.93843
      0.3103158            -40.80637             26.41986
      0.3110858            -13.01822             27.19919
      0.3118558             10.02365             27.83157
      0.3126258            -16.55457             27.01348
      0.3133957             23.87820             27.92404
      0.3141657            -10.82822             26.98064
      0.3149357             8.692719             27.57516
      0.3157057            -42.94092             26.37577
      0.3164756             6.904572             27.56789
      0.3172456             10.42999             27.78300
      0.3180156            -27.80637             26.73945
      0.3187856             8.385437             27.81373
      0.3195556            -9.943634             27.45438
      0.3203256             14.77820             28.05114
      0.3210955            -22.02545             26.95193
      0.3218655            -1.700928             27.56329
      0.3226355             4.051788             27.73433
      0.3234054             40.36093             28.65046
      0.3241755             39.45819             28.62320
      0.3249454            -23.14001             26.96137
      0.3257154             26.80457             28.29612
      0.3264854            -38.41180             26.60746
      0.3272554            -18.19543             27.15982
      0.3280253             15.83545             28.01546
      0.3287953             7.804565             27.85364
      0.3295653             12.39178             28.06466
      0.3303353            -3.411804             27.56277
      0.3311053             12.81091             27.98682
      0.3318753             20.74457             28.25416
      0.3326452            -14.64182             27.39579
      0.3334152             7.682709             27.82133
      0.3341852            -5.590912             27.63409
      0.3349552             7.729065             28.08698
      0.3357251             19.73999             28.35193
      0.3364951            -11.73907             27.47600
      0.3372651            -2.790009             27.68916
      0.3380351            -19.53638             27.36806
      0.3388051             8.602722             28.12258
      0.3395751           -0.9490967             27.87423
      0.3403450             6.081787             28.03492
      0.3411150             29.67999             28.72268
      0.3418850             16.40179             28.34839
      0.3426549             37.44363             28.83682
      0.3434249             12.56729             28.28627
      0.3441949             37.49637             28.93469
      0.3449649            -7.375458             27.75303
      0.3457349             36.05728             28.76271
      0.3465049             30.02637             28.75911
      0.3472748             4.949066             28.05825
      0.3480448             20.54272             28.73232
      0.3488148             11.14545             28.10421
      0.3495848             8.326355             28.22939
      0.3503547            -12.22543             27.69691
      0.3511248            0.8209229             27.98283
      0.3518947             7.120911             28.39554
      0.3526647             28.17178             28.64756
      0.3534347           -0.3936462             28.12501
      0.3542047            -1.579071             27.89709
      0.3549746          -0.07821655             28.16113
      0.3557446             30.25272             29.06297
      0.3565146            -31.61456             27.39844
      0.3572845            -1.402710             28.22358
      0.3580546             18.54636             28.64568
      0.3588246             43.04272             29.44235
      0.3595945            -7.632721             28.17249
      0.3603645            -20.69455             27.62236
      0.3611345             7.903625             28.44380
      0.3619044             44.83090             29.46258
      0.3626744             1.897278             28.35910
      0.3634444            0.7827148             28.14914
      0.3642144             20.54001             28.77851
      0.3649844             8.601807             28.46208
      0.3657544           -0.7072754             28.11843
      0.3665243             18.78726             28.47421
      0.3672943           -0.5945740             28.03314
      0.3680643             15.09180             28.55995
      0.3688343             19.51364             28.49208
      0.3696042             40.82272             29.13507
      0.3703743             4.544556             28.31325
      0.3711442             23.99908             28.78194
      0.3719142             14.35001             28.64546
      0.3726842             34.84000             29.00505
      0.3734542            -23.40091             27.72002
      0.3742241            -14.10727             27.89758
      0.3749941             10.26999             28.57747
      0.3757641            0.8063660             28.30742
      0.3765341            -12.82727             28.06895
      0.3773041            -22.79001             27.92118
      0.3780740            -1.701813             28.32171
      0.3788440             15.62909             29.06061
      0.3796140            -33.09271             27.65667
      0.3803840            -32.23636             27.81043
      0.3811539             48.29999             29.79487
      0.3819239             12.31543             28.92279
      0.3826939             9.558197             28.90676
      0.3834639             48.19180             29.62444
      0.3842339            -15.32727             28.26180
      0.3850039            -8.775452             28.44708
      0.3857738             38.30179             29.58582
      0.3865438             12.94635             28.92280
      0.3873138             36.14270             29.61230
      0.3880838             7.674561             29.13807
      0.3888537             9.952728             29.05924
      0.3896238             26.89093             29.40912
      0.3903937            -52.78909             27.47228
      0.3911637            -23.31909             28.35113
      0.3919337             42.71179             29.83638
      0.3927037             31.99908             29.44805
      0.3934736             6.725433             28.87254
      0.3942436             3.250916             28.84545
      0.3950136             36.11179             29.66718
      0.3957836             34.60635             29.56167
      0.3965536             19.11636             29.10246
      0.3973235             24.34821             29.26744
      0.3980935            -11.45999             28.40139
      0.3988635             36.08090             29.64836
      0.3996335             20.26178             29.30379
      0.4004034            -4.480011             28.60487
      0.4011734             2.685425             28.74903
      0.4019434             23.32999             29.53040
      0.4027134             19.23273             29.26917
      0.4034834             2.830902             29.06237
      0.4042534             5.577271             29.02051
      0.4050233             8.124542             29.05090
      0.4057933             15.09363             29.21119
      0.4065633            -12.80457             28.52370
      0.4073333            -7.160004             28.70332
      0.4081032            -22.68546             28.10100
      0.4088733            -8.809082             28.69221
      0.4096432             23.75363             29.30683
      0.4104132             6.285431             28.96109
      0.4111832             4.929993             29.01979
      0.4119532            -31.17819             28.32448
      0.4127231             5.879089             29.15548
      0.4134931            -11.88910             28.79317
      0.4142631            -5.048218             28.98494
      0.4150331            -14.05728             28.73655
      0.4158031            -4.220917             29.03413
      0.4165730             15.71091             29.33389
      0.4173430             18.00000             29.51521
      0.4181130            -11.50543             28.73525
      0.4188830            -20.76364             28.61895
      0.4196529             19.53000             29.68919
      0.4204229             23.03543             29.53115
      0.4211929             5.289063             29.32996
      0.4219629             20.66000             29.63400
      0.4227329            -13.54544             28.80538
      0.4235029            -1.830017             29.02265
      0.4242728             20.42178             29.61708
      0.4250428             23.58270             29.74047
      0.4258128            -24.93820             28.42658
      0.4265828            -10.91821             28.86818
      0.4273528             43.27820             29.98756
      0.4281228             10.64456             29.38571
      0.4288927            -13.91180             28.88909
      0.4296627             64.75726             30.63033
      0.4304327            -17.96909             28.57678
      0.4312027             8.262726             29.37976
      0.4319726             14.38818             29.54926
      0.4327426             30.69272             30.03072
      0.4335126             30.89365             29.79063
      0.4342826            -8.777283             28.95185
      0.4350526             16.12543             29.59168
      0.4358225             24.05270             29.90676
      0.4365925             14.50092             29.58121
      0.4373625             5.547272             29.35403
      0.4381325             24.26456             29.63010
      0.4389024            -8.704559             28.99326
      0.4396724             22.42999             29.70611
      0.4404424            -20.70456             28.65041
      0.4412124             9.099060             29.48201
      0.4419824             22.89819             29.72170
      0.4427524             27.98178             29.88096
      0.4435223             33.47180             30.13226
      0.4442923            -17.67819             28.84929
      0.4450623            -1.951813             29.13297
      0.4458323             10.54272             29.51976
      0.4466023            -11.31821             28.97729
      0.4473723            -11.38910             29.02457
      0.4481422            -8.775452             28.89326
      0.4489122            -1.991791             29.08382
      0.4496822             13.06543             29.61877
      0.4504521            -41.08456             28.21628
      0.4512221             2.286346             29.51275
      0.4519921            -27.45093             28.70659
      0.4527621             17.43179             29.78934
      0.4535321             18.13818             29.80956
      0.4543021            0.9263611             29.28291
      0.4550720             3.643646             29.42132
      0.4558420            -12.16180             28.99590
      0.4566120             24.56454             29.91539
      0.4573820             17.80728             29.59431
      0.4581519             45.43634             30.27823
      0.4589219             17.57092             29.82288
      0.4596919            -35.77365             28.41465
      0.4604619            -18.08273             28.94939
      0.4612319             12.02090             29.80037
      0.4620019            -30.30820             28.76121
      0.4627718             38.13544             30.36453
      0.4635418             19.16635             30.01738
      0.4643118            -34.60635             28.63452
      0.4650818             39.02271             30.52235
      0.4658518            -9.451813             29.23845
      0.4666218            -44.17365             28.32106
      0.4673917             15.42456             29.89020
      0.4681617            -8.838196             29.26263
      0.4689317             35.38272             30.32071
      0.4697016             7.742706             29.64868
      0.4704716            -28.56638             28.75587
      0.4712416             9.779999             29.75531
      0.4720116             25.71820             30.20907
      0.4727816             42.68729             30.33662
      0.4735516            -48.46729             28.25532
      0.4743215            -18.35455             29.02869
      0.4750915            -4.431793             29.46215
      0.4758615             31.10455             30.24679
      0.4766315             3.047272             29.50629
      0.4774014            -7.270935             29.37137
      0.4781715            -7.950928             29.23984
      0.4789414             27.72906             30.17868
      0.4797114             37.92545             30.50408
      0.4804814             38.28091             30.43057
      0.4812514             30.96729             30.38275
      0.4820213            -10.24908             29.34389
      0.4827913            -8.408203             29.31854
      0.4835613             26.40179             30.42085
      0.4843313             15.23636             29.95219
      0.4851013             29.32455             30.42239
      0.4858713            -17.84091             29.22529
