n0 =          240
     0.02388324             344.7682             34.62493
     0.02465323             315.5500             34.09326
     0.02542320             312.3782             34.02060
     0.02619319             313.0100             33.90450
     0.02696316             351.7236             34.49408
     0.02773315             321.4591             33.78281
     0.02850312             333.8809             34.14859
     0.02927311             313.6427             33.66939
     0.03004308             328.2500             33.78366
     0.03081307             278.7027             32.74413
     0.03158304             313.2482             33.44587
     0.03235303             358.7627             34.22813
     0.03312300             349.8073             34.03360
     0.03389299             299.0745             33.09011
     0.03466296             292.2845             32.87080
     0.03543295             295.4700             32.86237
     0.03620292             278.7791             32.43945
     0.03697290             313.0309             33.06471
     0.03774288             316.5873             33.28325
     0.03851286             268.9673             32.03109
     0.03928284             256.1527             31.97321
     0.04005282             285.6891             32.61941
     0.04082280             272.3954             32.18204
     0.04159278             346.1064             33.73690
     0.04236276             286.7709             32.39929
     0.04313274             316.7709             33.22273
     0.04390272             366.5745             34.17545
     0.04467270             288.7691             32.51590
     0.04544269             345.4645             33.46025
     0.04621266             378.7164             34.23514
     0.04698265             347.5218             33.51000
     0.04775262             319.1973             33.07624
     0.04852261             346.7382             33.46350
     0.04929258             304.7073             32.65513
     0.05006257             318.5791             33.00095
     0.05083254             322.4027             33.30318
     0.05160253             300.3827             32.88769
     0.05237250             303.2173             32.83307
     0.05314249             324.2636             33.21180
     0.05391246             359.5327             33.90649
     0.05468245             321.3473             32.97371
     0.05545242             346.7845             33.61837
     0.05622241             354.2682             33.60952
     0.05699238             330.2882             33.09074
     0.05776237             377.2773             34.20160
     0.05853234             350.3809             33.56631
     0.05930233             388.9282             34.38534
     0.06007230             306.6855             32.78488
     0.06084229             391.4073             34.37638
     0.06161226             360.7737             33.78168
     0.06238224             386.4845             34.46815
     0.06315222             364.4227             33.92529
     0.06392220             363.8091             33.80994
     0.06469218             363.2836             33.81576
     0.06546216             372.6391             33.99366
     0.06623214             340.2064             33.44726
     0.06700212             358.1691             33.70782
     0.06777211             344.3127             33.42804
     0.06854208             358.5136             33.80190
     0.06931207             381.6791             34.10779
     0.07008204             379.4055             34.11911
     0.07085203             336.4827             33.21720
     0.07162200             365.8227             33.74425
     0.07239199             404.6682             34.49579
     0.07316196             359.1936             33.76756
     0.07393195             362.7764             33.65594
     0.07470192             387.0237             34.25418
     0.07547191             357.2000             33.64612
     0.07624188             423.8445             34.96413
     0.07701187             324.0255             33.11919
     0.07778184             386.4273             34.27229
     0.07855183             425.2263             34.97546
     0.07932180             377.5509             34.26394
     0.08009179             366.7318             33.86483
     0.08086176             382.0518             34.24508
     0.08163175             388.0409             34.32117
     0.08240172             419.0564             34.78064
     0.08317171             420.7164             34.89682
     0.08394168             421.1536             34.94211
     0.08471167             410.2573             34.81063
     0.08548164             420.4427             34.80670
     0.08625162             395.7827             34.43790
     0.08702160             404.4273             34.63326
     0.08779158             445.4073             35.35279
     0.08856156             410.9527             34.77819
     0.08933155             436.1582             35.15985
     0.09010153             399.9682             34.48304
     0.09087150             434.1227             35.07987
     0.09164147             399.7873             34.60073
     0.09241147             412.3036             34.60155
     0.09318145             396.1073             34.38371
     0.09395142             405.5555             34.66202
     0.09472139             376.2263             34.06367
     0.09549139             341.4227             33.38157
     0.09626137             383.4845             34.40081
     0.09703134             407.6655             34.65973
     0.09780131             371.2327             33.97815
     0.09857132             388.6655             34.48064
     0.09934129             409.0982             34.76096
      0.1001113             381.3036             34.27645
      0.1008812             377.7255             34.03656
      0.1016512             408.7364             34.67807
      0.1024212             444.3654             35.33619
      0.1031912             388.3545             34.21539
      0.1039612             312.6945             32.62396
      0.1047312             410.9000             34.67035
      0.1055011             358.0191             33.79047
      0.1062711             334.8755             33.27917
      0.1070411             360.7627             33.81289
      0.1078111             351.3300             33.63163
      0.1085811             367.4800             33.90072
      0.1093510             377.8927             34.22146
      0.1101210             359.6964             33.94077
      0.1108910             370.0673             34.13016
      0.1116610             308.5882             32.79218
      0.1124309             346.5109             33.45214
      0.1132009             384.6809             34.33564
      0.1139709             381.0100             34.16333
      0.1147409             313.1227             32.80259
      0.1155109             313.2863             32.88441
      0.1162808             338.6682             33.33334
      0.1170508             318.7009             32.91692
      0.1178208             363.5618             33.75346
      0.1185908             348.6236             33.57418
      0.1193608             303.5882             32.58418
      0.1201307             418.2836             34.93727
      0.1209007             358.9636             34.02850
      0.1216707             313.8709             32.97282
      0.1224407             330.4491             33.22105
      0.1232107             319.9854             33.12793
      0.1239807             286.4091             32.39987
      0.1247506             301.0891             32.62103
      0.1255206             309.8973             32.77121
      0.1262906             284.6500             32.40783
      0.1270606             271.9500             32.17203
      0.1278306             281.1709             32.34164
      0.1286005             270.7118             32.02253
      0.1293705             286.0627             32.41936
      0.1301405             318.9345             33.16030
      0.1309105             301.9964             32.90108
      0.1316804             300.0627             32.58131
      0.1324504             299.1400             32.55169
      0.1332204             293.4182             32.52314
      0.1339904             323.1291             33.16703
      0.1347604             235.2991             31.37246
      0.1355303             240.8091             31.33834
      0.1363003             342.2064             33.51456
      0.1370703             289.5527             32.39152
      0.1378403             237.8709             31.30469
      0.1386103             288.9218             32.46522
      0.1393802             304.8600             32.81892
      0.1401502             327.1800             33.14888
      0.1409202             289.4736             32.51762
      0.1416902             258.0255             31.47780
      0.1424602             306.3455             32.70187
      0.1432302             275.7473             32.20571
      0.1440001             260.7627             31.83805
      0.1447701             249.7582             31.64129
      0.1455401             214.8354             30.87575
      0.1463101             246.7445             31.66049
      0.1470800             247.6164             31.70191
      0.1478500             250.9254             31.84591
      0.1486200             219.4618             31.20127
      0.1493900             198.3073             30.73840
      0.1501600             229.4109             31.41059
      0.1509299             251.7773             31.87352
      0.1516999             282.9473             32.44993
      0.1524699             223.6318             31.22884
      0.1532399             207.9873             30.85962
      0.1540099             237.1418             31.53625
      0.1547798             276.3473             32.33244
      0.1555498             232.8418             31.32645
      0.1563198             223.5791             31.03020
      0.1570898             253.8882             31.82659
      0.1578598             225.6873             31.25364
      0.1586298             211.9236             30.79426
      0.1593997             200.5618             30.58751
      0.1601697             199.6855             30.60605
      0.1609397             198.9591             30.56966
      0.1617097             263.2173             31.97381
      0.1624797             202.6145             30.59682
      0.1632496             158.6100             29.61373
      0.1640196             174.4355             30.08247
      0.1647896             251.4664             31.72738
      0.1655596             195.5854             30.73399
      0.1663295             190.8791             30.61969
      0.1670995             195.7927             30.68251
      0.1678695             182.3555             30.51430
      0.1686395             152.6027             29.73986
      0.1694095             151.7991             29.81595
      0.1701794             205.5564             30.86954
      0.1709494             169.0245             30.21937
      0.1717194             177.8082             30.30495
      0.1724894             151.2100             29.58175
      0.1732594             188.6736             30.53352
      0.1740293             193.4045             30.57598
      0.1747993             160.0600             29.77543
      0.1755693             167.7863             30.05067
      0.1763393             148.3336             29.66323
      0.1771093             183.9582             30.37041
      0.1778793             183.8609             30.31092
      0.1786492             141.1500             29.64406
      0.1794192             136.6664             29.50010
      0.1801892             116.1454             29.16716
      0.1809592             123.5582             29.22569
      0.1817292             112.3373             29.08682
      0.1824991             173.6064             30.44478
      0.1832691             123.3900             29.32150
      0.1840391             163.2509             30.10259
      0.1848091             138.5136             29.68956
      0.1855790             155.5645             30.01257
      0.1863490             131.7964             29.45230
      0.1871190             129.6109             29.48737
      0.1878890             136.7700             29.53999
      0.1886590             128.6727             29.48310
      0.1894289             109.5136             28.83965
      0.1901989             80.49362             28.36856
      0.1909689             102.3855             28.87543
      0.1917389             107.8382             28.80618
      0.1925089             115.5445             29.14731
      0.1932788             116.3018             29.30014
      0.1940488             100.2045             28.89424
      0.1948188             92.73001             28.57656
      0.1955888             114.4100             28.96202
      0.1963588             57.20453             27.74184
      0.1971288             78.91089             28.25797
      0.1978987             97.52908             28.69190
      0.1986687             80.86911             28.28032
      0.1994387             68.73001             27.94962
      0.2002087             75.03000             28.21339
      0.2009787             77.36545             28.32761
      0.2017486             47.90634             27.62966
      0.2025186             56.35001             27.83428
      0.2032886             38.45819             27.31198
      0.2040586             48.19547             27.64548
      0.2048285             38.02090             27.41991
      0.2055985             54.01001             27.62591
      0.2063685             50.90182             27.68707
      0.2071385             32.95273             27.12089
      0.2079085             68.10272             28.03095
      0.2086784             39.41180             27.48492
      0.2094484             25.72089             26.90443
      0.2102184             58.68542             27.94233
      0.2109884             69.57727             28.05148
      0.2117584             25.86636             27.13300
      0.2125283             13.83545             26.76089
      0.2132983             36.98999             27.35709
      0.2140683             37.73819             27.40042
      0.2148383             48.72726             27.67513
      0.2156083             15.24820             26.81893
      0.2163783             41.37634             27.38708
      0.2171482             27.70093             27.18481
      0.2179182             74.04089             28.28651
      0.2186882            -14.71182             25.89640
      0.2194582             17.61270             26.77007
      0.2202282             8.648163             26.47253
      0.2209981             14.84454             26.69516
      0.2217681             30.11182             27.05959
      0.2225381             3.060883             26.38092
      0.2233081             17.71637             26.81693
      0.2240780             6.500000             26.42886
      0.2248480             30.29907             27.20432
      0.2256180             14.09363             26.71933
      0.2263880             27.74908             27.33766
      0.2271580             20.97635             27.12396
      0.2279279            -11.94635             26.13053
      0.2286979             6.291809             26.62933
      0.2294679            -13.46094             26.25354
      0.2302379             31.45093             27.42700
      0.2310079             7.007263             26.71352
      0.2317779             25.76001             27.11862
      0.2325478             5.492706             26.74880
      0.2333178             44.90543             27.68144
      0.2340878            -21.42545             25.72155
      0.2348578             27.65634             27.27127
      0.2356278             35.38727             27.46172
      0.2363977             38.05820             27.56707
      0.2371677            -6.540009             26.27429
      0.2379377             15.97635             26.79546
      0.2387077            -14.34180             26.13992
      0.2394776             22.05545             26.97145
      0.2402476            -7.249084             26.46455
      0.2410176             3.203644             26.62115
      0.2417876             33.68271             27.53129
      0.2425576             38.46637             27.58448
      0.2433275             8.889984             26.92780
      0.2440975             32.14365             27.45464
      0.2448675             8.194550             26.72142
      0.2456375            0.2609253             26.48375
      0.2464075             29.96729             27.23458
      0.2471774             21.04456             27.25482
      0.2479474            -24.76999             25.90644
      0.2487174             13.80179             26.86745
      0.2494874            -14.40366             26.06260
      0.2502574             37.97821             27.74338
      0.2510273             5.483643             26.80150
      0.2517973            -8.728210             26.45427
      0.2525673            -24.27365             25.90855
      0.2533373            -10.56271             26.38863
      0.2541073             12.63364             26.95324
      0.2548773             9.468201             26.80393
      0.2556472             18.53000             27.13502
      0.2564172            -53.87180             25.33008
      0.2571872             3.618195             26.59718
      0.2579572            -6.381805             26.42973
      0.2587271             2.262726             26.76730
      0.2594971            -19.31363             26.20604
      0.2602671             6.690918             26.97967
      0.2610371            -6.247284             26.48446
      0.2618071             22.50092             27.33368
      0.2625771             7.392731             26.91779
      0.2633470             21.29544             27.40729
      0.2641170             59.85181             28.14401
      0.2648870            -21.36456             26.32944
      0.2656569            -1.410919             26.69641
      0.2664269            -13.77728             26.30871
      0.2671970             10.76999             27.21147
      0.2679669             14.26001             27.09197
      0.2687369            -19.60544             26.41969
      0.2695069            -7.327271             26.56994
      0.2702768             17.43637             27.23186
      0.2710468             32.18457             27.85894
      0.2718168             66.95728             28.68474
      0.2725868            -2.649994             26.80554
      0.2733568            -18.31000             26.51293
      0.2741268            -26.36093             26.33475
      0.2748967             6.583649             27.22349
      0.2756667           -0.9727173             27.01595
      0.2764367             14.94363             27.43837
      0.2772067             8.201782             27.25116
      0.2779766             17.24820             27.47666
      0.2787466             21.70273             27.73118
      0.2795166            -34.60635             26.29996
      0.2802866             20.41998             27.46799
      0.2810566             21.07999             27.64162
      0.2818266            -6.873657             26.95893
      0.2825965             11.49271             27.64796
      0.2833665             30.78635             27.94596
      0.2841365             12.37363             27.51853
      0.2849064             4.101807             27.34992
      0.2856764           0.08636475             27.16805
      0.2864465             4.942719             27.39779
      0.2872164             17.40634             27.69671
      0.2879864            -4.748199             27.13889
      0.2887564             16.33365             27.68772
      0.2895263             35.26093             28.01917
      0.2902963             7.647278             27.48270
      0.2910663             3.172729             27.36267
      0.2918363             8.002716             27.38142
      0.2926063             34.09543             27.94558
      0.2933763             21.28091             27.62323
      0.2941462             12.02457             27.43069
      0.2949162            -4.377289             27.07689
      0.2956862            -15.89819             26.83623
      0.2964562             11.27179             27.51504
      0.2972261            -11.88730             26.96827
      0.2979961            -1.710938             27.44660
      0.2987661            -9.900909             27.21820
      0.2995361             35.66635             28.29140
      0.3003061             21.35272             27.89414
      0.3010761            -1.925446             27.37348
      0.3018460            -9.106354             27.24714
      0.3026160            -11.13272             27.08049
      0.3033860            -14.05093             26.94466
      0.3041559             49.92908             28.76072
      0.3049260            -6.925446             27.23869
      0.3056960            -10.40457             27.05490
      0.3064659             1.842712             27.51427
      0.3072359            -18.17728             26.96101
      0.3080059             9.416351             27.86046
      0.3087758             29.34363             28.35892
      0.3095458             51.00821             28.77512
      0.3103158             6.193634             27.65650
      0.3110858             39.98178             28.53926
      0.3118558             13.02365             27.90747
      0.3126258             4.445435             27.55830
      0.3133957             23.87820             27.92404
      0.3141657             33.17178             28.09797
      0.3149357             10.69272             27.62599
      0.3157057             13.05908             27.84648
      0.3164756             6.904572             27.56789
      0.3172456             15.42999             27.90951
      0.3180156            -2.806366             27.39518
      0.3187856            -4.614563             27.48136
      0.3195556             12.05637             28.01651
      0.3203256             44.77820             28.79026
      0.3210955            -2.025452             27.47115
      0.3218655             20.29907             28.11893
      0.3226355             2.051788             27.68343
      0.3234054            -10.63907             27.37080
      0.3241755             37.45819             28.57441
      0.3249454             24.85999             28.18992
      0.3257154            -9.195435             27.38674
      0.3264854            -10.41180             27.34649
      0.3272554             22.80457             28.20428
      0.3280253             11.83545             27.91509
      0.3287953             23.80457             28.25416
      0.3295653             5.391785             27.88776
      0.3303353            0.5881958             27.66510
      0.3311053            -2.189087             27.60727
      0.3318753            -16.25543             27.31530
      0.3326452             14.35818             28.13347
      0.3334152             28.68271             28.34344
      0.3341852             47.40909             28.94915
      0.3349552             25.72906             28.53533
      0.3357251             22.73999             28.42615
      0.3364951             29.26093             28.50586
      0.3372651             1.209991             27.79069
      0.3380351            -14.53638             27.49742
      0.3388051             6.602722             28.07245
      0.3395751             13.05090             28.22600
      0.3403450             56.08179             29.25388
      0.3411150             25.67999             28.62485
      0.3418850           -0.5982056             27.92257
      0.3426549            -7.556366             27.72042
      0.3434249             25.56729             28.60710
      0.3441949            -16.50363             27.59064
      0.3449649             24.62454             28.55220
      0.3457349             32.05728             28.66581
      0.3465049             28.02637             28.71037
      0.3472748            -16.05093             27.52411
      0.3480448            -8.457275             28.00674
      0.3488148             23.14545             28.40053
      0.3495848            -4.673645             27.90254
      0.3503547             22.77457             28.57377
      0.3511248             43.82092             29.03794
      0.3518947            -9.879089             27.96701
      0.3526647             18.17178             28.40270
      0.3534347             24.60635             28.74354
      0.3542047             19.42093             28.41857
      0.3549746             20.92178             28.68068
      0.3557446             28.25272             29.01469
      0.3565146             14.38544             28.56510
      0.3572845            -12.40271             27.94560
      0.3580546             8.546356             28.39964
      0.3588246            -7.957275             28.19676
      0.3595945             37.36728             29.27539
      0.3603645            -33.69455             27.28646
      0.3611345             37.90363             29.17152
      0.3619044             2.830902             28.44362
      0.3626744            -4.102722             28.20891
      0.3634444            -5.217285             27.99838
      0.3642144             24.54001             28.87611
      0.3649844             30.60181             29.00080
      0.3657544             37.29272             29.05023
      0.3665243             33.78726             28.83867
      0.3672943             79.40543             29.95082
      0.3680643             17.09180             28.60910
      0.3688343             39.51364             28.97661
      0.3696042             34.82272             28.99107
      0.3703743             3.544556             28.28826
      0.3711442             3.999084             28.28924
      0.3719142             28.35001             28.98704
      0.3726842            -5.160004             28.02182
      0.3734542            -27.40091             27.61687
      0.3742241             3.892731             28.34987
      0.3749941            -10.73001             28.05406
      0.3757641             29.80637             29.01633
      0.3765341            -16.82727             27.96755
      0.3773041            -2.790009             28.42565
      0.3780740            -17.70181             27.92019
      0.3788440            -14.37091             28.31878
      0.3796140            -3.092712             28.41636
      0.3803840             32.76364             29.41773
      0.3811539            -20.70001             28.11702
      0.3819239            -2.684570             28.55439
      0.3826939             27.55820             29.34130
      0.3834639             21.19180             28.98404
      0.3842339             5.672729             28.78198
      0.3850039             14.22455             29.01131
      0.3857738             31.30179             29.42037
      0.3865438             9.946350             28.84999
      0.3873138             33.14270             29.54148
      0.3880838            -11.32544             28.67085
      0.3888537             12.95273             29.13187
      0.3896238            -13.10907             28.43526
      0.3903937            -5.789093             28.66818
      0.3911637             1.680908             28.97119
      0.3919337            -4.288208             28.71117
      0.3927037             1.999084             28.72626
      0.3934736            -2.274567             28.65203
      0.3942436             24.25092             29.35332
      0.3950136             20.11179             29.28664
      0.3957836             29.60635             29.44323
      0.3965536             19.11636             29.10246
      0.3973235             2.348206             28.73444
      0.3980935             13.54001             29.01469
      0.3988635             25.08090             29.38748
      0.3996335             18.26178             29.25579
      0.4004034            -11.48001             28.43148
      0.4011734             52.68542             29.93595
      0.4019434             22.32999             29.50655
      0.4027134             35.23273             29.64842
      0.4034834             11.83090             29.28053
      0.4042534             15.57727             29.26248
      0.4050233             1.124542             28.88063
      0.4057933             31.09363             29.59216
      0.4065633             13.19543             29.16116
      0.4073333            -16.16000             28.47958
      0.4081032             7.314545             28.84283
      0.4088733            -22.80908             28.34263
      0.4096432           -0.2463684             28.72808
      0.4104132           -0.7145691             28.79081
      0.4111832             33.92999             29.71154
      0.4119532            -11.17819             28.82515
      0.4127231            -13.12091             28.69051
      0.4134931             15.11090             29.45003
      0.4142631             8.951782             29.32490
      0.4150331             59.94272             30.48809
      0.4158031             11.77908             29.41994
      0.4165730            -5.289093             28.82720
      0.4173430             33.00000             29.86857
      0.4181130            -5.505432             28.88234
      0.4188830             7.236359             29.30463
      0.4196529           -0.4700012             29.20858
      0.4204229             8.035431             29.17338
      0.4211929            -5.710938             29.06332
      0.4219629             5.660004             29.27583
      0.4227329             28.45456             29.81371
      0.4235029             18.16998             29.50325
      0.4242728             31.42178             29.87651
      0.4250428            -15.41730             28.79930
      0.4258128           -0.9382019             29.01785
      0.4265828            -8.918213             28.91733
      0.4273528             8.278198             29.16290
      0.4281228             4.644562             29.24154
      0.4288927            -15.91180             28.83977
      0.4296627            0.7572632             29.13251
      0.4304327             50.03091             30.19704
      0.4312027             21.26273             29.68982
      0.4319726             39.38818             30.13565
      0.4327426             11.69272             29.58261
      0.4335126             12.89365             29.36635
      0.4342826             33.22272             29.95441
      0.4350526             25.12543             29.80417
      0.4358225             8.052704             29.52665
      0.4365925             30.50092             29.95877
      0.4373625            -14.45273             28.86720
      0.4381325             12.26456             29.34598
      0.4389024             21.29544             29.71339
      0.4396724            -15.57001             28.79175
      0.4404424             49.29544             30.31650
      0.4412124             15.09906             29.62519
      0.4419824             43.89819             30.21103
      0.4427524            -24.01822             28.62801
      0.4435223            -2.528198             29.27880
      0.4442923             19.32181             29.74217
      0.4450623             15.04819             29.54076
      0.4458323            -15.45728             28.88909
      0.4466023             31.68179             30.00550
      0.4473723             23.61090             29.86332
      0.4481422             37.22455             29.98516
      0.4489122            -15.99179             28.74265
      0.4496822             12.06543             29.59503
      0.4504521            -9.084564             29.01148
      0.4512221             58.28635             30.81886
      0.4519921             37.54907             30.26684
      0.4527621            -6.568207             29.21524
      0.4535321             2.138184             29.42902
      0.4543021             26.92636             29.89923
      0.4550720             1.643646             29.37337
      0.4558420            -12.16180             28.99590
      0.4566120             46.56454             30.42554
      0.4573820             3.807281             29.26096
      0.4581519             40.43634             30.16334
      0.4589219             65.57092             30.92675
      0.4596919            -3.773651             29.20211
      0.4604619             1.917267             29.43450
      0.4612319            -37.97910             28.58141
      0.4620019            -18.30820             29.05718
      0.4627718             26.13544             30.08718
      0.4635418            -7.833649             29.37481
      0.4643118            -4.606354             29.36919
      0.4650818             15.02271             29.96522
      0.4658518             50.54819             30.64255
      0.4666218            -23.17365             28.84447
      0.4673917            -21.57544             29.00146
      0.4681617            -13.83820             29.14144
      0.4689317            -12.61728             29.18514
      0.4697016            -12.25729             29.16752
      0.4704716             8.433624             29.65400
      0.4712416            -1.220001             29.49326
      0.4720116             50.71820             30.78296
      0.4727816            -14.31271             28.99319
      0.4735516             36.53271             30.30617
      0.4743215            -1.354553             29.44078
      0.4750915            -14.43179             29.21989
      0.4758615             18.10455             29.94388
      0.4766315             35.04727             30.25733
      0.4774014             16.72906             29.94221
      0.4781715             1.049072             29.45573
      0.4789414             11.72906             29.80445
      0.4797114             6.925446             29.78167
      0.4804814             21.28091             30.03743
      0.4812514             37.96729             30.54360
      0.4820213             29.75092             30.28799
      0.4827913             28.59180             30.19034
      0.4835613            -21.59821             29.28144
      0.4843313             22.23636             30.11547
      0.4851013             2.324554             29.79116
      0.4858713             2.159088             29.70589
