n0 =          240
     0.02388324             308.7682             33.94502
     0.02465323             373.5500             35.17726
     0.02542320             340.3782             34.55168
     0.02619319             408.0100             35.66894
     0.02696316             298.7236             33.48175
     0.02773315             330.4591             33.95494
     0.02850312             347.8809             34.41374
     0.02927311             265.6427             32.72350
     0.03004308             297.2500             33.18279
     0.03081307             346.7027             34.06402
     0.03158304             263.2482             32.45591
     0.03235303             275.7627             32.61865
     0.03312300             321.8073             33.49709
     0.03389299             302.0745             33.14920
     0.03466296             310.2845             33.22573
     0.03543295             310.4700             33.15780
     0.03620292             278.7791             32.43945
     0.03697290             285.0309             32.51085
     0.03774288             255.5873             32.06337
     0.03851286             328.9673             33.22100
     0.03928284             249.1527             31.82905
     0.04005282             269.6891             32.29681
     0.04082280             289.3954             32.52383
     0.04159278             274.1064             32.32104
     0.04236276             304.7709             32.75730
     0.04313274             300.7709             32.90773
     0.04390272             315.5745             33.19487
     0.04467270             300.7691             32.75533
     0.04544269             344.4645             33.44104
     0.04621266             284.7164             32.40866
     0.04698265             266.5218             31.90892
     0.04775262             330.1973             33.29058
     0.04852261             295.7382             32.46656
     0.04929258             304.7073             32.65513
     0.05006257             309.5791             32.82424
     0.05083254             323.4027             33.32270
     0.05160253             294.3827             32.76826
     0.05237250             347.2173             33.69083
     0.05314249             327.2636             33.27026
     0.05391246             321.5327             33.17511
     0.05468245             287.3473             32.30114
     0.05545242             275.7845             32.21949
     0.05622241             347.2682             33.47555
     0.05699238             299.2882             32.48062
     0.05776237             321.2773             33.12683
     0.05853234             366.3809             33.87109
     0.05930233             332.9282             33.32149
     0.06007230             374.6855             34.09688
     0.06084229             283.4073             32.28692
     0.06161226             339.7737             33.37975
     0.06238224             344.4845             33.67263
     0.06315222             346.4227             33.58191
     0.06392220             325.8091             33.07910
     0.06469218             362.2836             33.79678
     0.06546216             340.6391             33.38362
     0.06623214             332.2064             33.29250
     0.06700212             353.1691             33.61234
     0.06777211             362.3127             33.77267
     0.06854208             320.5136             33.06670
     0.06931207             378.6791             34.05148
     0.07008204             361.4055             33.77869
     0.07085203             356.4827             33.60211
     0.07162200             340.8227             33.26540
     0.07239199             381.6682             34.06764
     0.07316196             406.1936             34.64931
     0.07393195             383.7764             34.05239
     0.07470192             362.0237             33.78254
     0.07547191             393.2000             34.32409
     0.07624188             411.8445             34.74475
     0.07701187             377.0255             34.13449
     0.07778184             366.4273             33.89619
     0.07855183             392.2263             34.36866
     0.07932180             385.5509             34.41384
     0.08009179             396.7318             34.42662
     0.08086176             418.0518             34.91043
     0.08163175             432.0409             35.12945
     0.08240172             383.0564             34.11529
     0.08317171             429.7164             35.06043
     0.08394168             431.1536             35.12396
     0.08471167             425.2573             35.08477
     0.08548164             416.4427             34.73362
     0.08625162             393.7827             34.40076
     0.08702160             397.4273             34.50386
     0.08779158             425.4073             34.99170
     0.08856156             415.9527             34.86988
     0.08933155             441.1582             35.25010
     0.09010153             390.9682             34.31597
     0.09087150             394.1227             34.34657
     0.09164147             403.7873             34.67470
     0.09241147             380.3036             34.00811
     0.09318145             399.1073             34.43932
     0.09395142             397.5555             34.51408
     0.09472139             371.2263             33.96949
     0.09549139             367.4227             33.87793
     0.09626137             401.4845             34.73530
     0.09703134             443.6655             35.31356
     0.09780131             359.2327             33.75104
     0.09857132             346.6655             33.68682
     0.09934129             370.0982             34.03493
      0.1001113             324.3036             33.18609
      0.1008812             361.7255             33.73397
      0.1016512             327.7364             33.14502
      0.1024212             344.3654             33.47813
      0.1031912             342.3545             33.34283
      0.1039612             293.6945             32.24621
      0.1047312             382.9000             34.15038
      0.1055011             358.0191             33.79047
      0.1062711             364.8755             33.85443
      0.1070411             347.7627             33.56462
      0.1078111             351.3300             33.63163
      0.1085811             381.4800             34.16398
      0.1093510             346.8927             33.63369
      0.1101210             336.6964             33.49991
      0.1108910             339.0673             33.53854
      0.1116610             374.5882             34.06367
      0.1124309             360.5109             33.71941
      0.1132009             359.6809             33.86468
      0.1139709             343.0100             33.44151
      0.1147409             355.1227             33.61765
      0.1155109             371.2863             34.00504
      0.1162808             336.6682             33.29459
      0.1170508             303.7009             32.62103
      0.1178208             316.5618             32.84645
      0.1185908             321.6236             33.05123
      0.1193608             323.5882             32.97764
      0.1201307             291.2836             32.51111
      0.1209007             340.9636             33.68361
      0.1216707             337.8709             33.44101
      0.1224407             336.4491             33.33730
      0.1232107             274.9854             32.23172
      0.1239807             289.4091             32.45999
      0.1247506             324.0891             33.07333
      0.1255206             295.8973             32.49342
      0.1262906             332.6500             33.35593
      0.1270606             299.9500             32.73432
      0.1278306             258.1709             31.87310
      0.1286005             254.7118             31.69455
      0.1293705             297.0627             32.63945
      0.1301405             304.9345             32.88488
      0.1309105             328.9964             33.43083
      0.1316804             356.0627             33.67063
      0.1324504             270.1400             31.96814
      0.1332204             344.4182             33.52237
      0.1339904             289.1291             32.49394
      0.1347604             250.2991             31.68538
      0.1355303             256.8091             31.67053
      0.1363003             284.2064             32.37240
      0.1370703             272.5527             32.04861
      0.1378403             286.8709             32.31057
      0.1386103             293.9218             32.56550
      0.1393802             292.8600             32.57969
      0.1401502             251.1800             31.62204
      0.1409202             261.4736             31.94887
      0.1416902             294.0255             32.20848
      0.1424602             266.3455             31.89724
      0.1432302             264.7473             31.98145
      0.1440001             248.7627             31.59019
      0.1447701             293.7582             32.53661
      0.1455401             188.8354             30.31315
      0.1463101             260.7445             31.94893
      0.1470800             212.6164             30.96656
      0.1478500             247.9254             31.78391
      0.1486200             230.4618             31.43338
      0.1493900             274.3073             32.32674
      0.1501600             262.4109             32.09373
      0.1509299             209.7773             30.99300
      0.1516999             270.9473             32.20798
      0.1524699             212.6318             30.99527
      0.1532399             218.9873             31.09425
      0.1540099             206.1418             30.87972
      0.1547798             239.3473             31.57232
      0.1555498             203.8418             30.70952
      0.1563198             222.5791             31.00903
      0.1570898             205.8882             30.81578
      0.1578598             174.6873             30.15034
      0.1586298             177.9236             30.05434
      0.1593997             225.5618             31.12323
      0.1601697             203.6855             30.69268
      0.1609397             190.9591             30.39542
      0.1617097             191.2173             30.45175
      0.1624797             167.6145             29.82818
      0.1632496             188.6100             30.27932
      0.1640196             183.4355             30.28086
      0.1647896             208.4664             30.82310
      0.1655596             183.5854             30.47237
      0.1663295             199.8791             30.81488
      0.1670995             192.7927             30.61751
      0.1678695             200.3555             30.90488
      0.1686395             146.6027             29.60420
      0.1694095             176.7991             30.37251
      0.1701794             185.5564             30.43718
      0.1709494             166.0245             30.15265
      0.1717194             159.8082             29.90523
      0.1724894             167.2100             29.94061
      0.1732594             123.6736             29.06974
      0.1740293             148.4045             29.57598
      0.1747993             152.0600             29.59528
      0.1755693             127.7863             29.14139
      0.1763393             159.3336             29.91132
      0.1771093             109.9582             28.69084
      0.1778793             158.8609             29.75818
      0.1786492             149.1500             29.82551
      0.1794192             101.6664             28.68534
      0.1801892             131.1454             29.51479
      0.1809592             148.5582             29.79718
      0.1817292             182.3373             30.66735
      0.1824991             112.6064             29.06414
      0.1832691             146.3900             29.84617
      0.1840391             111.2509             28.91912
      0.1848091             84.51364             28.42600
      0.1855790             142.5645             29.71996
      0.1863490             97.79636             28.65867
      0.1871190             144.6109             29.82917
      0.1878890             105.7700             28.82071
      0.1886590             118.6727             29.25197
      0.1894289             104.5136             28.72212
      0.1901989             67.49362             28.05157
      0.1909689             70.38547             28.10638
      0.1917389             121.8382             29.13256
      0.1925089             86.54453             28.46101
      0.1932788             67.30182             28.12702
      0.1940488             69.20453             28.14708
      0.1948188             56.73001             27.69805
      0.1955888             89.41000             28.37040
      0.1963588             76.20453             28.20962
      0.1971288             50.91089             27.56730
      0.1978987             43.52908             27.36741
      0.1986687             25.86911             26.90191
      0.1994387             69.73001             27.97418
      0.2002087             59.03000             27.82019
      0.2009787             86.36545             28.54475
      0.2017486             62.90634             28.00351
      0.2025186             20.35001             26.91786
      0.2032886             52.45819             27.66510
      0.2040586             76.19547             28.33700
      0.2048285             80.02090             28.45992
      0.2055985             63.01001             27.84911
      0.2063685             28.90182             27.12857
      0.2071385             71.95273             28.09679
      0.2079085             38.10272             27.28176
      0.2086784             14.41180             26.83890
      0.2094484             19.72089             26.74846
      0.2102184             30.68542             27.23601
      0.2109884             75.57727             28.19769
      0.2117584             51.86636             27.79307
      0.2125283             10.83545             26.68200
      0.2132983             20.98999             26.94559
      0.2140683             18.73819             26.91208
      0.2148383             35.72726             27.34660
      0.2156083             17.24820             26.87120
      0.2163783             27.37634             27.02938
      0.2171482             23.70093             27.08139
      0.2179182             26.04089             27.08295
      0.2186882            -10.71182             26.00567
      0.2194582             24.61270             26.95240
      0.2202282             12.64816             26.57838
      0.2209981             6.844543             26.48375
      0.2217681             13.11182             26.61616
      0.2225381             6.060883             26.46093
      0.2233081             23.71637             26.97311
      0.2240780            -15.50000             25.83570
      0.2248480             39.29907             27.43412
      0.2256180             24.09363             26.97963
      0.2263880            -7.250916             26.41697
      0.2271580             49.97635             27.86069
      0.2279279             30.05365             27.23626
      0.2286979             10.29181             26.73445
      0.2294679            -8.460938             26.38863
      0.2302379             31.45093             27.42700
      0.2310079            -6.992737             26.34040
      0.2317779             28.76001             27.19562
      0.2325478             12.49271             26.93263
      0.2333178             2.905426             26.60090
      0.2340878             7.574554             26.50181
      0.2348578             13.65634             26.90833
      0.2356278             33.38727             27.41068
      0.2363977             26.05820             27.26047
      0.2371677            -2.540009             26.38181
      0.2379377             10.97635             26.66469
      0.2387077            -7.341797             26.32877
      0.2394776             18.05545             26.86817
      0.2402476             3.750916             26.75750
      0.2410176             18.20364             27.01455
      0.2417876             6.682709             26.83171
      0.2425576             2.466370             26.65220
      0.2433275            -20.11002             26.15091
      0.2440975            -21.85635             26.03259
      0.2448675            0.1945496             26.51031
      0.2456375            -26.73907             25.75201
      0.2464075             2.967285             26.53310
      0.2471774             22.04456             27.28062
      0.2479474             2.230011             26.63605
      0.2487174             16.80179             26.94559
      0.2494874             51.59634             27.77295
      0.2502574             18.97821             27.25823
      0.2510273             32.48364             27.49922
      0.2517973             17.27179             27.14049
      0.2525673            -1.273651             26.52913
      0.2533373             18.43729             27.15353
      0.2541073             1.633636             26.66476
      0.2548773            -23.53180             25.91982
      0.2556472             7.529999             26.84850
      0.2564172            -21.87180             26.22760
      0.2571872             5.618195             26.64981
      0.2579572            -15.38181             26.18763
      0.2587271            -13.73727             26.34026
      0.2594971             20.68637             27.26201
      0.2602671             5.690918             26.95345
      0.2610371            -11.24728             26.35054
      0.2618071             14.50092             27.12766
      0.2625771             20.39273             27.25459
      0.2633470            -3.704559             26.75603
      0.2641170            -22.14819             26.03208
      0.2648870            -6.364563             26.73295
      0.2656569             18.58908             27.21775
      0.2664269             47.22272             27.88397
      0.2671970             12.76999             27.26332
      0.2679669             5.260010             26.85818
      0.2687369             8.394562             27.16183
      0.2695069            -12.32727             26.43660
      0.2702768             6.436371             26.94764
      0.2710468             6.184570             27.19458
      0.2718168          -0.04272461             27.00085
      0.2725868             15.35001             27.27283
      0.2733568             25.69000             27.66027
      0.2741268            -8.360931             26.81725
      0.2748967            -10.41635             26.77885
      0.2756667            -27.97272             26.29780
      0.2764367            -11.05637             26.76060
      0.2772067            -4.798218             26.91254
      0.2779766             47.24820             28.22773
      0.2787466            -11.29727             26.87721
      0.2795166            -6.606354             27.05059
      0.2802866             10.41998             27.21316
      0.2810566             17.07999             27.54021
      0.2818266             14.12634             27.50229
      0.2825965             73.49271             29.17444
      0.2833665             25.78635             27.82073
      0.2841365             34.37363             28.07346
      0.2849064             41.10181             28.28160
      0.2856764            -4.913635             27.03799
      0.2864465            -12.05728             26.95556
      0.2872164            0.4063416             27.26150
      0.2879864             2.251801             27.32048
      0.2887564             20.33365             27.78899
      0.2895263            -3.739075             27.02698
      0.2902963             10.64728             27.55970
      0.2910663            -11.82727             26.97035
      0.2918363             24.00272             27.78864
      0.2926063             5.095428             27.21074
      0.2933763            -6.719086             26.90207
      0.2941462            -7.975433             26.91355
      0.2949162             6.622711             27.36149
      0.2956862            -8.898193             27.02083
      0.2964562             51.27179             28.51162
      0.2972261            -10.88730             26.99457
      0.2979961             13.28906             27.83111
      0.2987661            -11.90091             27.16586
      0.2995361            -10.33365             27.12474
      0.3003061             21.35272             27.89414
      0.3010761             24.07455             28.03270
      0.3018460            -17.10635             27.03747
      0.3026160             17.86728             27.82495
      0.3033860            -27.05093             26.59942
      0.3041559            0.9290771             27.53744
      0.3049260             11.07455             27.70041
      0.3056960             10.59543             27.59465
      0.3064659             12.84271             27.79441
      0.3072359            -8.177277             27.22237
      0.3080059             8.416351             27.83513
      0.3087758             28.34363             28.33418
      0.3095458             33.00821             28.33646
      0.3103158            -5.806366             27.34829
      0.3110858             25.98178             28.19396
      0.3118558             3.023651             27.65331
      0.3126258             20.44543             27.96341
      0.3133957             13.87820             27.67278
      0.3141657            -6.828217             27.08489
      0.3149357             35.69272             28.25067
      0.3157057             1.059082             27.54068
      0.3164756             14.90457             27.77071
      0.3172456            -5.570007             27.37259
      0.3180156             38.19363             28.42503
      0.3187856             9.385437             27.83906
      0.3195556            -16.94363             27.27205
      0.3203256            -3.221802             27.59421
      0.3210955             1.974548             27.57335
      0.3218655             22.29907             28.16868
      0.3226355             13.05179             27.96176
      0.3234054            -8.639069             27.42257
      0.3241755             23.45819             28.22953
      0.3249454             28.85999             28.28894
      0.3257154             14.80457             27.99760
      0.3264854             20.58820             28.13304
      0.3272554            -24.19543             27.00214
      0.3280253             14.83545             27.99042
      0.3287953             15.80457             28.05490
      0.3295653             26.39178             28.41380
      0.3303353             9.588196             27.89341
      0.3311053             19.81091             28.16150
      0.3318753             46.74457             28.88857
      0.3326452            0.3581848             27.78080
      0.3334152             5.682709             27.77089
      0.3341852             12.40909             28.09044
      0.3349552            -19.27094             27.39479
      0.3357251             1.739990             27.90077
      0.3364951            0.2609253             27.78300
      0.3372651             2.209991             27.81600
      0.3380351            -38.53638             26.86836
      0.3388051             26.60272             28.56817
      0.3395751             17.05090             28.32538
      0.3403450            -7.918213             27.67999
      0.3411150            -12.32001             27.67100
      0.3418850             4.401794             28.04876
      0.3426549            -14.55637             27.54099
      0.3434249            -23.43271             27.36985
      0.3441949             24.49637             28.61920
      0.3449649             7.624542             28.13162
      0.3457349             2.057281             27.92399
      0.3465049            -13.97363             27.65870
      0.3472748             4.949066             28.05825
      0.3480448             32.54272             29.02509
      0.3488148            -3.854553             27.72754
      0.3495848             14.32635             28.37847
      0.3503547             15.77457             28.40144
      0.3511248             6.820923             28.13339
      0.3518947             19.12091             28.69259
      0.3526647            -19.82822             27.44400
      0.3534347            -16.39365             27.71885
      0.3542047             27.42093             28.61375
      0.3549746             13.92178             28.50898
      0.3557446            -9.747284             28.07495
      0.3565146            -4.614563             28.09155
      0.3572845            -18.40271             27.79231
      0.3580546             4.546356             28.30038
      0.3588246             10.04272             28.64511
      0.3595945             27.36728             29.03537
      0.3603645            -38.69455             27.15569
      0.3611345            0.9036255             28.27020
      0.3619044            -21.16910             27.83746
      0.3626744             27.89728             28.99732
      0.3634444            -3.217285             28.04876
      0.3642144             31.54001             29.04578
      0.3649844             3.601807             28.33762
      0.3657544             9.292725             28.36782
      0.3665243             17.78726             28.44968
      0.3672943             14.40543             28.40653
      0.3680643            -46.90820             26.97254
      0.3688343             13.51364             28.34446
      0.3696042             26.82272             28.79749
      0.3703743             8.544556             28.41287
      0.3711442             35.99908             29.07197
      0.3719142             37.35001             29.20367
      0.3726842            -14.16000             27.79380
      0.3734542             4.599091             28.42724
      0.3742241             38.89273             29.20144
      0.3749941             2.269989             28.37968
      0.3757641             21.80637             28.82320
      0.3765341            -1.827271             28.34517
      0.3773041             27.20999             29.15944
      0.3780740             40.29819             29.33948
      0.3788440             24.62909             29.27800
      0.3796140             19.90729             28.97991
      0.3803840             3.763641             28.71634
      0.3811539             18.29999             29.08210
      0.3819239            -9.684570             28.38015
      0.3826939             58.55820             30.06926
      0.3834639            -3.808197             28.37294
      0.3842339            -9.327271             28.41180
      0.3850039             15.22455             29.03549
      0.3857738            -18.69821             28.19849
      0.3865438             4.946350             28.72808
      0.3873138             17.14270             29.15964
      0.3880838             37.67456             29.85490
      0.3888537             9.952728             29.05924
      0.3896238             10.89093             29.02509
      0.3903937            0.2109070             28.81580
      0.3911637             16.68091             29.33437
      0.3919337           -0.2882080             28.80935
      0.3927037            -6.000916             28.52943
      0.3934736            -1.274567             28.67665
      0.3942436             30.25092             29.49618
      0.3950136            -2.888214             28.72711
      0.3957836             6.606354             28.88956
      0.3965536            -37.88364             27.68276
      0.3973235            -5.651794             28.53713
      0.3980935            -12.45999             28.37647
      0.3988635            -3.919098             28.68361
      0.3996335             22.26178             29.35168
      0.4004034             23.51999             29.28406
      0.4011734            -20.31458             28.17929
      0.4019434            -6.670013             28.80268
      0.4027134            -15.76727             28.41456
      0.4034834             20.83090             29.49641
      0.4042534             7.577271             29.06913
      0.4050233            -1.875458             28.80721
      0.4057933             32.09363             29.61575
      0.4065633             20.19543             29.32946
      0.4073333             10.84000             29.14355
      0.4081032             19.31454             29.13218
      0.4088733             12.19092             29.20551
      0.4096432            -31.24637             27.95535
      0.4104132             39.28543             29.74561
      0.4111832             2.929993             28.97122
      0.4119532            -11.17819             28.82515
      0.4127231            -30.12091             28.26522
      0.4134931            -10.88910             28.81787
      0.4142631             44.95178             30.17454
      0.4150331            -18.05728             28.63753
      0.4158031             37.77908             30.03215
      0.4165730             17.71091             29.38150
      0.4173430             16.00000             29.46764
      0.4181130             23.49457             29.57886
      0.4188830             32.23636             29.89824
      0.4196529            -6.470001             29.06220
      0.4204229             7.035431             29.14931
      0.4211929            -8.710938             28.98999
      0.4219629             9.660004             29.37194
      0.4227329             8.454559             29.33964
      0.4235029             9.169983             29.28835
      0.4242728             2.421783             29.18554
      0.4250428             23.58270             29.74047
      0.4258128             51.06180             30.24401
      0.4265828            -9.918213             28.89277
      0.4273528             37.27820             29.84843
      0.4281228             38.64456             30.04576
      0.4288927             26.08820             29.85160
      0.4296627             15.75726             29.49316
      0.4304327             5.030914             29.13898
      0.4312027             24.26273             29.76072
      0.4319726            -3.611816             29.11672
      0.4327426             43.69272             30.33200
      0.4335126             20.89365             29.55597
      0.4342826             2.222717             29.21911
      0.4350526            -3.874573             29.11164
      0.4358225            -10.94730             29.06608
      0.4365925             22.50092             29.77083
      0.4373625             16.54727             29.61698
      0.4381325             18.26456             29.48851
      0.4389024             4.295441             29.30838
      0.4396724             3.429993             29.25395
      0.4404424            -11.70456             28.87225
      0.4412124             17.09906             29.67270
      0.4419824             10.89819             29.43695
      0.4427524             31.98178             29.97431
      0.4435223             9.471802             29.56715
      0.4442923             9.321808             29.50461
      0.4450623            -26.95181             28.51818
      0.4458323             18.54272             29.71002
      0.4466023             3.681793             29.34175
      0.4473723             42.61090             30.30509
      0.4481422            -19.77545             28.62344
      0.4489122            -46.99179             27.96605
      0.4496822             44.06543             30.34196
      0.4504521            -9.084564             29.01148
      0.4512221             33.28635             30.24557
      0.4519921            -11.45093             29.10170
      0.4527621             29.43179             30.07063
      0.4535321             14.13818             29.71507
      0.4543021             14.92636             29.61701
      0.4550720             28.64365             30.01161
      0.4558420             2.838196             29.35950
      0.4566120             5.564545             29.46477
      0.4573820            -2.192719             29.11646
      0.4581519            -8.563660             29.00345
      0.4589219             26.57092             30.03419
      0.4596919             62.22635             30.73839
      0.4604619            -26.08273             28.75208
      0.4612319             15.02090             29.87128
      0.4620019            -7.308197             29.32476
      0.4627718             11.13544             29.73537
      0.4635418             7.166351             29.73422
      0.4643118            -10.60635             29.22435
      0.4650818             2.022705             29.65726
      0.4658518            -2.451813             29.40714
      0.4666218            -4.173645             29.30668
      0.4673917            -36.57544             28.62991
      0.4681617             8.161804             29.66949
      0.4689317             19.38272             29.94891
      0.4697016             14.74271             29.81450
      0.4704716             23.43362             30.00737
      0.4712416            -23.22000             28.95900
      0.4720116             18.71820             30.04561
      0.4727816            -11.31271             29.06608
      0.4735516            -8.467285             29.24577
      0.4743215             14.64545             29.82132
      0.4750915             22.56821             30.10254
      0.4758615            -19.89545             29.03268
      0.4766315             39.04727             30.34938
      0.4774014             4.729065             29.65873
      0.4781715             16.04907             29.81068
      0.4789414             13.72906             29.85159
      0.4797114            -7.074554             29.44719
      0.4804814            -3.719086             29.44581
      0.4812514             52.96729             30.88434
      0.4820213            -7.249084             29.41619
      0.4827913            -10.40820             29.27037
      0.4835613             12.40179             30.09481
      0.4843313             23.23636             30.13869
      0.4851013            -16.67545             29.33538
      0.4858713             3.159088             29.72963
