n0 =          240
     0.02388324             355.7682             34.82927
     0.02465323             332.5500             34.41557
     0.02542320             315.3782             34.07802
     0.02619319             330.0100             34.22891
     0.02696316             348.7236             34.43781
     0.02773315             374.4591             34.78069
     0.02850312             369.8809             34.82513
     0.02927311             293.6427             33.27954
     0.03004308             297.2500             33.18279
     0.03081307             291.7027             33.00178
     0.03158304             295.2482             33.09393
     0.03235303             344.7627             33.96355
     0.03312300             276.8073             32.61068
     0.03389299             272.0745             32.55201
     0.03466296             368.2845             34.33727
     0.03543295             285.4700             32.66348
     0.03620292             342.7791             33.69304
     0.03697290             321.0309             33.22076
     0.03774288             301.5873             32.98873
     0.03851286             296.9673             32.59338
     0.03928284             315.1527             33.15590
     0.04005282             335.6891             33.60168
     0.04082280             287.3954             32.48386
     0.04159278             339.1064             33.60263
     0.04236276             348.7709             33.61182
     0.04313274             318.7709             33.26183
     0.04390272             326.5745             33.40952
     0.04467270             322.7691             33.18847
     0.04544269             342.4645             33.40258
     0.04621266             331.7164             33.33810
     0.04698265             306.5218             32.71225
     0.04775262             324.1973             33.17389
     0.04852261             310.7382             32.76385
     0.04929258             326.7073             33.08693
     0.05006257             314.5791             32.92257
     0.05083254             363.4027             34.09202
     0.05160253             368.3827             34.20362
     0.05237250             331.2173             33.38223
     0.05314249             332.2636             33.36738
     0.05391246             329.5327             33.33081
     0.05468245             405.3473             34.56416
     0.05545242             337.7845             33.44523
     0.05622241             338.2682             33.30228
     0.05699238             283.2882             32.15984
     0.05776237             379.2773             34.23918
     0.05853234             320.3809             32.98504
     0.05930233             317.9282             33.02900
     0.06007230             318.6855             33.02132
     0.06084229             325.4073             33.11974
     0.06161226             397.7737             34.47530
     0.06238224             334.4845             33.47961
     0.06315222             348.4227             33.62029
     0.06392220             370.8091             33.94237
     0.06469218             320.2836             32.98720
     0.06546216             376.6391             34.06892
     0.06623214             387.2064             34.33847
     0.06700212             390.1691             34.31088
     0.06777211             363.3127             33.79169
     0.06854208             439.5136             35.30403
     0.06931207             379.6791             34.07026
     0.07008204             371.4055             33.96836
     0.07085203             380.4827             34.05666
     0.07162200             359.8227             33.63013
     0.07239199             408.6682             34.56956
     0.07316196             382.1936             34.20270
     0.07393195             438.7764             35.06383
     0.07470192             424.0237             34.93731
     0.07547191             426.2000             34.93089
     0.07624188             362.8445             33.82996
     0.07701187             463.0255             35.70423
     0.07778184             412.4273             34.75346
     0.07855183             424.2263             34.95726
     0.07932180             475.5509             36.04580
     0.08009179             431.7318             35.06760
     0.08086176             455.0518             35.57782
     0.08163175             410.0409             34.72831
     0.08240172             409.0564             34.59745
     0.08317171             412.7164             34.75056
     0.08394168             422.1536             34.96035
     0.08471167             424.2573             35.06658
     0.08548164             443.4427             35.22318
     0.08625162             464.7827             35.68925
     0.08702160             446.4273             35.39710
     0.08779158             412.4073             34.75443
     0.08856156             399.9527             34.57539
     0.08933155             462.1582             35.62594
     0.09010153             419.9682             34.85066
     0.09087150             430.1227             35.00742
     0.09164147             414.7873             34.87709
     0.09241147             380.3036             34.00811
     0.09318145             403.1073             34.51329
     0.09395142             405.5555             34.66202
     0.09472139             364.2263             33.83706
     0.09549139             460.4227             35.58181
     0.09626137             369.4845             34.13773
     0.09703134             429.6655             35.06113
     0.09780131             369.2327             33.94043
     0.09857132             364.6655             34.02995
     0.09934129             366.0982             33.95934
      0.1001113             384.3036             34.33261
      0.1008812             426.7255             34.94254
      0.1016512             366.7364             33.89427
      0.1024212             363.3654             33.84125
      0.1031912             379.3545             34.04692
      0.1039612             364.6945             33.63012
      0.1047312             336.9000             33.27339
      0.1055011             364.0191             33.90468
      0.1062711             378.8755             34.11864
      0.1070411             365.7627             33.90775
      0.1078111             342.3300             33.45888
      0.1085811             357.4800             33.71106
      0.1093510             358.8927             33.86277
      0.1101210             399.6964             34.69037
      0.1108910             357.0673             33.88368
      0.1116610             333.5882             33.28118
      0.1124309             321.5109             32.96793
      0.1132009             331.6809             33.32699
      0.1139709             313.0100             32.85715
      0.1147409             294.1227             32.42514
      0.1155109             363.2863             33.85331
      0.1162808             353.6682             33.62213
      0.1170508             325.7009             33.05383
      0.1178208             309.5618             32.70858
      0.1185908             300.6236             32.63698
      0.1193608             336.5882             33.23018
      0.1201307             320.2836             33.08543
      0.1209007             327.9636             33.43164
      0.1216707             353.8709             33.74848
      0.1224407             336.4491             33.33730
      0.1232107             341.9854             33.55483
      0.1239807             321.4091             33.09250
      0.1247506             273.0891             32.05919
      0.1255206             325.8973             33.08500
      0.1262906             298.6500             32.68805
      0.1270606             295.9500             32.65477
      0.1278306             338.1709             33.46628
      0.1286005             314.7118             32.90266
      0.1293705             280.0627             32.29848
      0.1301405             363.9345             34.02612
      0.1309105             290.9964             32.68204
      0.1316804             279.0627             32.16045
      0.1324504             268.1400             31.92738
      0.1332204             326.4182             33.17414
      0.1339904             282.1291             32.35309
      0.1347604             296.2991             32.62063
      0.1355303             286.8091             32.28143
      0.1363003             254.2064             31.76049
      0.1370703             319.5527             32.98541
      0.1378403             267.8709             31.92544
      0.1386103             300.9218             32.70522
      0.1393802             307.8600             32.87838
      0.1401502             306.1800             32.73623
      0.1409202             316.4736             33.05402
      0.1416902             251.0255             31.33316
      0.1424602             319.3455             32.95791
      0.1432302             284.7473             32.38769
      0.1440001             303.7627             32.70620
      0.1447701             327.7582             33.20708
      0.1455401             318.8354             33.00243
      0.1463101             269.7445             32.13256
      0.1470800             212.6164             30.96656
      0.1478500             281.9254             32.47743
      0.1486200             241.4618             31.66324
      0.1493900             280.3073             32.44781
      0.1501600             253.4109             31.90932
      0.1509299             248.7773             31.81168
      0.1516999             226.9473             31.29979
      0.1524699             219.6318             31.14418
      0.1532399             204.9873             30.79522
      0.1540099             264.1418             32.09373
      0.1547798             202.3473             30.78729
      0.1555498             219.8418             31.05190
      0.1563198             205.5791             30.64608
      0.1570898             246.8882             31.68182
      0.1578598             241.6873             31.58932
      0.1586298             205.9236             30.66540
      0.1593997             184.5618             30.23801
      0.1601697             237.6855             31.41633
      0.1609397             227.9591             31.19054
      0.1617097             236.2173             31.41442
      0.1624797             200.6145             30.55359
      0.1632496             154.6100             29.52347
      0.1640196             198.4355             30.60773
      0.1647896             242.4664             31.54092
      0.1655596             195.5854             30.73399
      0.1663295             207.8791             30.98702
      0.1670995             180.7927             30.35564
      0.1678695             159.3555             30.00529
      0.1686395             155.6027             29.80738
      0.1694095             267.7991             32.29253
      0.1701794             159.5564             29.86261
      0.1709494             168.0245             30.19715
      0.1717194             191.8082             30.61104
      0.1724894             190.2100             30.44665
      0.1732594             145.6736             29.57609
      0.1740293             152.4045             29.66670
      0.1747993             209.0600             30.84857
      0.1755693             212.7863             31.03148
      0.1763393             141.3336             29.50389
      0.1771093             147.9582             29.56930
      0.1778793             181.8609             30.26719
      0.1786492             149.1500             29.82551
      0.1794192             144.6664             29.68210
      0.1801892             114.1454             29.12038
      0.1809592             157.5582             29.99934
      0.1817292             165.3373             30.29369
      0.1824991             162.6064             30.20206
      0.1832691             120.3900             29.25213
      0.1840391             138.2509             29.54156
      0.1848091             87.51364             28.49822
      0.1855790             104.5645             28.84151
      0.1863490             142.7964             29.70295
      0.1871190             80.61090             28.33136
      0.1878890             135.7700             29.51716
      0.1886590             111.6727             29.08869
      0.1894289             112.5136             28.90985
      0.1901989             70.49362             28.12516
      0.1909689             103.3855             28.89901
      0.1917389             85.83817             28.28292
      0.1925089             125.5445             29.37893
      0.1932788             98.30182             28.87680
      0.1940488             97.20453             28.82309
      0.1948188             70.73001             28.04419
      0.1955888             71.41000             27.93381
      0.1963588             75.20453             28.18526
      0.1971288             82.91089             28.35476
      0.1978987             102.5291             28.81034
      0.1986687             101.8691             28.78292
      0.1994387             74.73001             28.09653
      0.2002087             40.03000             27.34307
      0.2009787             77.36545             28.32761
      0.2017486             65.90634             28.07746
      0.2025186             64.35001             28.03232
      0.2032886             38.45819             27.31198
      0.2040586             98.19547             28.86445
      0.2048285             67.02090             28.14368
      0.2055985             42.01001             27.32439
      0.2063685             56.90182             27.83669
      0.2071385             64.95273             27.92508
      0.2079085             59.10272             27.80911
      0.2086784             54.41180             27.86254
      0.2094484             17.72089             26.69619
      0.2102184             53.68542             27.81803
      0.2109884             65.57727             27.95342
      0.2117584             70.86636             28.26199
      0.2125283             25.83545             27.07325
      0.2132983             42.98999             27.50920
      0.2140683             18.73819             26.91208
      0.2148383             6.727264             26.59315
      0.2156083            -2.751801             26.34189
      0.2163783             5.376343             26.45355
      0.2171482             22.70093             27.05545
      0.2179182             43.04089             27.51759
      0.2186882             25.28818             26.96132
      0.2194582             8.612701             26.53306
      0.2202282             63.64816             27.87955
      0.2209981             39.84454             27.34118
      0.2217681             9.111816             26.51031
      0.2225381             41.06088             27.37035
      0.2233081             37.71637             27.33269
      0.2240780             10.50000             26.53471
      0.2248480            -9.700928             26.14835
      0.2256180             46.09363             27.54030
      0.2263880            -9.250916             26.36298
      0.2271580             34.97635             27.48307
      0.2279279            -2.946350             26.37299
      0.2286979             12.29181             26.78679
      0.2294679             11.53906             26.91943
      0.2302379             33.45093             27.47796
      0.2310079            -7.992737             26.31347
      0.2317779             36.76001             27.39948
      0.2325478             16.49271             27.03688
      0.2333178             15.90543             26.94184
      0.2340878             43.57455             27.42789
      0.2348578             22.65634             27.14243
      0.2356278             11.38727             26.84030
      0.2363977             16.05820             27.00123
      0.2371677            -24.54001             25.78253
      0.2379377            -7.023651             26.18630
      0.2387077             37.65820             27.49982
      0.2394776             14.05545             26.76434
      0.2402476             31.75092             27.48350
      0.2410176             41.20364             27.60263
      0.2417876             25.68271             27.32663
      0.2425576             14.46637             26.96800
      0.2433275            -18.11002             26.20554
      0.2440975             3.143646             26.70422
      0.2448675             30.19455             27.29028
      0.2456375             31.26093             27.29028
      0.2464075             15.96729             26.87404
      0.2471774             8.044556             26.91620
      0.2479474            0.2300110             26.58298
      0.2487174            -13.19821             26.14930
      0.2494874            -17.40366             25.98107
      0.2502574             21.97821             27.33564
      0.2510273             16.48364             27.08880
      0.2517973             22.27179             27.26968
      0.2525673             22.72635             27.15561
      0.2533373             6.437286             26.84075
      0.2541073             17.63364             27.08295
      0.2548773             31.46820             27.37127
      0.2556472             11.53000             26.95319
      0.2564172             27.12820             27.52232
      0.2571872             30.61819             27.29583
      0.2579572             20.61819             27.13793
      0.2587271             20.26273             27.23649
      0.2594971             17.68637             27.18481
      0.2602671             11.69092             27.11026
      0.2610371             43.75272             27.77445
      0.2618071             48.50092             27.98870
      0.2625771             2.392731             26.78667
      0.2633470             24.29544             27.48399
      0.2641170             1.851807             26.67452
      0.2648870             21.63544             27.46388
      0.2656569            -2.410919             26.66997
      0.2664269             5.222717             26.81332
      0.2671970             27.76999             27.64783
      0.2679669             3.260010             26.80584
      0.2687369            -21.60544             26.36554
      0.2695069             10.67273             27.04236
      0.2702768             62.43637             28.35380
      0.2710468             39.18457             28.03406
      0.2718168             11.95728             27.31321
      0.2725868             14.35001             27.24716
      0.2733568            -4.309998             26.88552
      0.2741268             5.639069             27.18416
      0.2748967            -32.41635             26.18741
      0.2756667             42.02728             28.10717
      0.2764367          -0.05636597             27.05028
      0.2772067            -9.798218             26.78069
      0.2779766             9.248199             27.27146
      0.2787466            -25.29727             26.50302
      0.2795166            -16.60635             26.78595
      0.2802866             40.41998             27.96803
      0.2810566            -27.92001             26.36114
      0.2818266             15.12634             27.52779
      0.2825965             16.49271             27.77545
      0.2833665             31.78635             27.97092
      0.2841365            -13.62637             26.84167
      0.2849064             3.101807             27.32411
      0.2856764             15.08636             27.55306
      0.2864465             18.94272             27.75455
      0.2872164             14.40634             27.62061
      0.2879864             30.25180             28.03042
      0.2887564             27.33365             27.96498
      0.2895263            0.2609253             27.13109
      0.2902963            -1.352722             27.24985
      0.2910663             4.172729             27.38854
      0.2918363             54.00272             28.53046
      0.2926063             22.09543             27.64482
      0.2933763            0.2809143             27.08489
      0.2941462             9.024567             27.35399
      0.2949162             12.62271             27.51498
      0.2956862             10.10181             27.51309
      0.2964562             7.271790             27.41258
      0.2972261             47.11270             28.46217
      0.2979961             5.289063             27.62698
      0.2987661             41.09909             28.50765
      0.2995361             23.66635             27.99362
      0.3003061             41.35272             28.38865
      0.3010761             32.07455             28.23122
      0.3018460            -6.106354             27.32517
      0.3026160             11.86728             27.67323
      0.3033860             14.94907             27.69308
      0.3041559             36.92908             28.44335
      0.3049260             1.074554             27.44525
      0.3056960             4.595428             27.44195
      0.3064659             22.84271             28.04567
      0.3072359            -9.177277             27.19640
      0.3080059             11.41635             27.91104
      0.3087758             6.343628             27.78205
      0.3095458            -1.991791             27.45517
      0.3103158             11.19363             27.78350
      0.3110858             34.98178             28.41661
      0.3118558             9.023651             27.80620
      0.3126258             1.445435             27.48140
      0.3133957             14.87820             27.69805
      0.3141657             32.17178             28.07326
      0.3149357           -0.3072815             27.34476
      0.3157057            -2.940918             27.43768
      0.3164756            -10.09543             27.12980
      0.3172456            -8.570007             27.29466
      0.3180156             6.193634             27.62587
      0.3187856             17.38544             28.04058
      0.3195556             19.05637             28.19206
      0.3203256             33.77820             28.52236
      0.3210955             23.97455             28.12617
      0.3218655            0.2990723             27.61446
      0.3226355             33.05179             28.45809
      0.3234054            -2.639069             27.57708
      0.3241755            -5.541809             27.49564
      0.3249454             3.859985             27.66190
      0.3257154             14.80457             27.99760
      0.3264854             54.58820             28.96174
      0.3272554             27.80457             28.32798
      0.3280253             26.83545             28.28894
      0.3287953             46.80457             28.81636
      0.3295653             6.391785             27.91313
      0.3303353             10.58820             27.91862
      0.3311053             27.81091             28.35929
      0.3318753             17.74457             28.17967
      0.3326452            -10.64182             27.49920
      0.3334152             12.68271             27.94688
      0.3341852             13.40909             28.11548
      0.3349552            -6.270935             27.73114
      0.3357251             46.73999             29.01036
      0.3364951             74.26093             29.57947
      0.3372651            -3.790009             27.66369
      0.3380351             5.463623             28.00645
      0.3388051            -12.39728             27.58982
      0.3395751             31.05090             28.66943
      0.3403450             27.08179             28.55575
      0.3411150             6.679993             28.15363
      0.3418850             37.40179             28.86231
      0.3426549            -16.55637             27.48942
      0.3434249            0.5672913             27.98551
      0.3441949             34.49637             28.86231
      0.3449649             13.62454             28.28106
      0.3457349            -2.942719             27.79764
      0.3465049             26.02637             28.66152
      0.3472748             16.94907             28.35714
      0.3480448             18.54272             28.68311
      0.3488148             28.14545             28.52274
      0.3495848             14.32635             28.37847
      0.3503547             28.77457             28.72033
      0.3511248             9.820923             28.20825
      0.3518947             23.12091             28.79065
      0.3526647            -15.82822             27.54714
      0.3534347            -9.393646             27.89758
      0.3542047             1.420929             27.97243
      0.3549746             5.921783             28.31094
      0.3557446            -11.74728             28.02425
      0.3565146            -5.614563             28.06631
      0.3572845             21.59729             28.79262
      0.3580546            -22.45364             27.61712
      0.3588246           -0.9572754             28.37231
      0.3595945            -1.632721             28.32306
      0.3603645            -9.694550             27.90213
      0.3611345            -21.09637             27.71456
      0.3619044             6.830902             28.54288
      0.3626744             30.89728             29.06970
      0.3634444             23.78271             28.71679
      0.3642144             23.54001             28.85175
      0.3649844            -29.39819             27.49596
      0.3657544             33.29272             28.95412
      0.3665243             11.78726             28.30188
      0.3672943             27.40543             28.72466
      0.3680643             13.09180             28.51068
      0.3688343             26.51364             28.66296
      0.3696042             49.82272             29.34924
      0.3703743             6.544556             28.36312
      0.3711442            -22.00092             27.63002
      0.3719142            -2.649994             28.22281
      0.3726842             34.84000             29.00505
      0.3734542             5.599091             28.45204
      0.3742241             23.89273             28.84079
      0.3749941             5.269989             28.45408
      0.3757641             10.80637             28.55466
      0.3765341             45.17273             29.48486
      0.3773041             9.209991             28.72234
      0.3780740            0.2981873             28.37134
      0.3788440             36.62909             29.56437
      0.3796140            -13.09271             28.16636
      0.3803840             3.763641             28.71634
      0.3811539             20.29999             29.13038
      0.3819239             29.31543             29.33248
      0.3826939            -23.44180             28.08517
      0.3834639             33.19180             29.27107
      0.3842339            -1.327271             28.61007
      0.3850039            -32.77545             27.84092
      0.3857738             61.30179             30.12060
      0.3865438          -0.05364990             28.60543
      0.3873138             1.142700             28.77065
      0.3880838            0.6745605             28.96718
      0.3888537             7.952728             29.01068
      0.3896238             26.89093             29.40912
      0.3903937             13.21091             29.13204
      0.3911637           -0.3190918             28.92228
      0.3919337            -8.288208             28.61252
      0.3927037            -6.000916             28.52943
      0.3934736             5.725433             28.84815
      0.3942436            -38.74908             27.78978
      0.3950136            -4.888214             28.67772
      0.3957836            -9.393646             28.49541
      0.3965536             12.11636             28.93338
      0.3973235             15.34821             29.05105
      0.3980935             34.54001             29.51615
      0.3988635            -5.919098             28.63416
      0.3996335             11.26178             29.08690
      0.4004034             13.51999             29.04405
      0.4011734             7.685425             28.87080
      0.4019434             51.32999             30.18753
      0.4027134             38.23273             29.71878
      0.4034834             6.830902             29.15961
      0.4042534            -1.422729             28.84942
      0.4050233             15.12454             29.21979
      0.4057933             7.093628             29.01807
      0.4065633             42.19543             29.84978
      0.4073333             20.84000             29.38412
      0.4081032            -7.685455             28.47532
      0.4088733             26.19092             29.54076
      0.4096432             32.75363             29.51979
      0.4104132            -15.71457             28.42107
      0.4111832             32.92999             29.68806
      0.4119532             23.82181             29.67270
      0.4127231             1.879089             29.05846
      0.4134931             20.11090             29.56942
      0.4142631             6.951782             29.27667
      0.4150331             6.942719             29.24863
      0.4158031            -33.22092             28.31572
      0.4165730            -32.28909             28.15670
      0.4173430             35.00000             29.91525
      0.4181130            -13.50543             28.68599
      0.4188830            -5.763641             28.98913
      0.4196529             6.529999             29.37806
      0.4204229             14.03543             29.31722
      0.4211929             34.28906             30.01703
      0.4219629             18.66000             29.58659
      0.4227329            -2.545441             29.07424
      0.4235029             20.16998             29.55071
      0.4242728            -38.57822             28.16719
      0.4250428            -5.417297             29.04475
      0.4258128             31.06180             29.78074
      0.4265828             2.081787             29.18554
      0.4273528             14.27820             29.30658
      0.4281228             16.64456             29.52889
      0.4288927             15.08820             29.59131
      0.4296627             22.75726             29.65936
      0.4304327           -0.9690857             28.99380
      0.4312027             15.26273             29.54728
      0.4319726            -15.61182             28.82325
      0.4327426             13.69272             29.63023
      0.4335126           -0.1063538             29.05451
      0.4342826             18.22272             29.60182
      0.4350526             29.12543             29.89793
      0.4358225            -5.947296             29.18828
      0.4365925             4.500916             29.34175
      0.4373625             16.54727             29.61698
      0.4381325             23.26456             29.60656
      0.4389024             7.295441             29.38042
      0.4396724             17.42999             29.58806
      0.4404424             9.295441             29.38071
      0.4412124             34.09906             30.07231
      0.4419824             46.89819             30.28004
      0.4427524             1.981781             29.26394
      0.4435223             16.47180             29.73354
      0.4442923            -13.67819             28.94771
      0.4450623             1.048187             29.20551
      0.4458323             27.54272             29.92204
      0.4466023             40.68179             30.21452
      0.4473723             25.61090             29.91026
      0.4481422             12.22455             29.39878
      0.4489122             2.008209             29.18027
      0.4496822             23.06543             29.85474
      0.4504521             26.91544             29.87075
      0.4512221             45.28635             30.52263
      0.4519921             45.54907             30.45115
      0.4527621             2.431793             29.43238
      0.4535321             23.13818             29.92708
      0.4543021            -2.073639             29.21061
      0.4550720             49.64365             30.49520
      0.4558420            -8.161804             29.09349
      0.4566120             15.56454             29.70313
      0.4573820             26.80728             29.80585
      0.4581519            -3.563660             29.12479
      0.4589219             41.57092             30.38182
      0.4596919            -17.77365             28.86134
      0.4604619             8.917267             29.60164
      0.4612319             35.02090             30.33807
      0.4620019             33.69180             30.29301
      0.4627718             29.13544             30.15685
      0.4635418             30.16635             30.27368
      0.4643118            -1.606354             29.44123
      0.4650818            -7.977295             29.41724
      0.4658518             1.548187             29.50292
      0.4666218             24.82635             29.99298
      0.4673917             25.42456             30.12409
      0.4681617             51.16180             30.66520
      0.4689317             9.382721             29.71320
      0.4697016             27.74271             30.11907
      0.4704716             53.43362             30.69715
      0.4712416             21.78000             30.03754
      0.4720116            -38.28180             28.66482
      0.4727816             13.68729             29.66376
      0.4735516             26.53271             30.07504
      0.4743215            -1.354553             29.44078
      0.4750915             12.56821             29.86762
      0.4758615             11.10455             29.77898
      0.4766315             55.04727             30.71379
      0.4774014             8.729065             29.75364
      0.4781715             23.04907             29.97431
      0.4789414            -15.27094             29.15746
      0.4797114            -1.074554             29.59120
      0.4804814             6.280914             29.68446
      0.4812514             42.96729             30.65777
      0.4820213             17.75092             30.00914
      0.4827913            -6.408203             29.36660
      0.4835613            -9.598206             29.57215
      0.4843313            -27.76364             28.92044
      0.4851013            0.3245544             29.74365
      0.4858713             19.15909             30.10594
