n0 =          240
     0.02388324             290.7682             33.59835
     0.02465323             246.5500             32.74218
     0.02542320             244.3782             32.68346
     0.02619319             274.0100             33.14451
     0.02696316             267.7236             32.87069
     0.02773315             263.4591             32.64506
     0.02850312             274.8809             33.00045
     0.02927311             274.6427             32.90357
     0.03004308             295.2500             33.14353
     0.03081307             290.7027             32.98205
     0.03158304             279.2482             32.77695
     0.03235303             283.7627             32.77827
     0.03312300             300.8073             33.08728
     0.03389299             258.0745             32.26835
     0.03466296             310.2845             33.22573
     0.03543295             251.4700             31.97510
     0.03620292             274.7791             32.35900
     0.03697290             254.0309             31.88296
     0.03774288             291.5873             32.79046
     0.03851286             280.9673             32.27363
     0.03928284             293.1527             32.72141
     0.04005282             297.6891             32.85864
     0.04082280             272.3954             32.18204
     0.04159278             278.1064             32.40182
     0.04236276             312.7709             32.91480
     0.04313274             258.7709             32.06149
     0.04390272             293.5745             32.76004
     0.04467270             278.7691             32.31461
     0.04544269             277.4645             32.12000
     0.04621266             270.7164             32.12500
     0.04698265             276.5218             32.11221
     0.04775262             273.1973             32.15975
     0.04852261             262.7382             31.79980
     0.04929258             322.7073             33.00896
     0.05006257             300.5791             32.64629
     0.05083254             283.4027             32.52956
     0.05160253             357.3827             33.99521
     0.05237250             314.2173             33.05022
     0.05314249             349.2636             33.69492
     0.05391246             309.5327             32.93977
     0.05468245             289.3473             32.34121
     0.05545242             323.7845             33.17358
     0.05622241             338.2682             33.30228
     0.05699238             291.2882             32.32075
     0.05776237             352.2773             33.72726
     0.05853234             360.3809             33.75721
     0.05930233             329.9282             33.26326
     0.06007230             334.6855             33.33320
     0.06084229             292.4073             32.46772
     0.06161226             352.7737             33.62929
     0.06238224             305.4845             32.91149
     0.06315222             306.4227             32.80214
     0.06392220             295.8091             32.48706
     0.06469218             303.2836             32.65211
     0.06546216             359.6391             33.74754
     0.06623214             332.2064             33.29250
     0.06700212             314.1691             32.85522
     0.06777211             284.3127             32.24463
     0.06854208             347.5136             33.59122
     0.06931207             321.6791             32.95791
     0.07008204             298.4055             32.55081
     0.07085203             379.4827             34.03787
     0.07162200             345.8227             33.36188
     0.07239199             377.6682             33.99248
     0.07316196             310.1936             32.81554
     0.07393195             373.7764             33.86435
     0.07470192             340.0237             33.36039
     0.07547191             311.2000             32.75341
     0.07624188             406.8445             34.65282
     0.07701187             337.0255             33.37192
     0.07778184             312.4273             32.85288
     0.07855183             296.2263             32.51997
     0.07932180             306.5509             32.89452
     0.08009179             393.7318             34.37097
     0.08086176             403.0518             34.63519
     0.08163175             341.0409             33.42996
     0.08240172             380.0564             34.05909
     0.08317171             378.7164             34.12003
     0.08394168             366.1536             33.91954
     0.08471167             342.2573             33.53156
     0.08548164             401.4427             34.45782
     0.08625162             311.7827             32.83123
     0.08702160             375.4273             34.09304
     0.08779158             365.4073             33.87883
     0.08856156             333.9527             33.32508
     0.08933155             368.1582             33.90198
     0.09010153             400.9682             34.50154
     0.09087150             341.1227             33.34299
     0.09164147             394.7873             34.50798
     0.09241147             359.3036             33.61138
     0.09318145             335.1073             33.22691
     0.09395142             381.5555             34.21572
     0.09472139             395.2263             34.41859
     0.09549139             405.4227             34.58706
     0.09626137             310.4845             32.99904
     0.09703134             394.6655             34.41972
     0.09780131             342.2327             33.42591
     0.09857132             364.6655             34.02995
     0.09934129             372.0982             34.07265
      0.1001113             366.3036             33.99388
      0.1008812             365.7255             33.80994
      0.1016512             372.7364             34.00766
      0.1024212             315.3654             32.91390
      0.1031912             331.3545             33.12979
      0.1039612             356.6945             33.47784
      0.1047312             338.9000             33.31214
      0.1055011             362.0191             33.86667
      0.1062711             340.8755             33.39525
      0.1070411             331.7627             33.25578
      0.1078111             391.3300             34.38602
      0.1085811             299.4800             32.58282
      0.1093510             349.8927             33.69115
      0.1101210             368.6964             34.11128
      0.1108910             354.0673             33.82647
      0.1116610             295.5882             32.53413
      0.1124309             350.5109             33.52878
      0.1132009             340.6809             33.50103
      0.1139709             341.0100             33.40296
      0.1147409             313.1227             32.80259
      0.1155109             313.2863             32.88441
      0.1162808             325.6682             33.08042
      0.1170508             298.7009             32.52162
      0.1178208             282.5618             32.16962
      0.1185908             316.6236             32.95321
      0.1193608             301.5882             32.54450
      0.1201307             356.2836             33.78089
      0.1209007             353.9636             33.93315
      0.1216707             307.8709             32.85442
      0.1224407             286.4491             32.35198
      0.1232107             331.9854             33.36166
      0.1239807             333.4091             33.32570
      0.1247506             320.0891             32.99524
      0.1255206             307.8973             32.73171
      0.1262906             295.6500             32.62827
      0.1270606             281.9500             32.37431
      0.1278306             280.1709             32.32145
      0.1286005             282.7118             32.26566
      0.1293705             293.0627             32.55964
      0.1301405             333.9345             33.45213
      0.1309105             308.9964             33.03949
      0.1316804             324.0627             33.05383
      0.1324504             304.1400             32.65094
      0.1332204             307.4182             32.80137
      0.1339904             284.1291             32.39341
      0.1347604             306.2991             32.81936
      0.1355303             273.8091             32.01857
      0.1363003             265.2064             31.98664
      0.1370703             297.5527             32.55126
      0.1378403             281.8709             32.20980
      0.1386103             318.9218             33.06099
      0.1393802             279.8600             32.31789
      0.1401502             264.1800             31.88999
      0.1409202             297.4736             32.67775
      0.1416902             256.0255             31.43656
      0.1424602             260.3455             31.77426
      0.1432302             281.7473             32.32718
      0.1440001             253.7627             31.69377
      0.1447701             220.7582             31.03257
      0.1455401             272.8354             32.08447
      0.1463101             257.7445             31.88741
      0.1470800             290.6164             32.57578
      0.1478500             269.9254             32.23489
      0.1486200             236.4618             31.55903
      0.1493900             268.3073             32.20508
      0.1501600             251.4109             31.86815
      0.1509299             247.7773             31.79104
      0.1516999             296.9473             32.72926
      0.1524699             227.6318             31.31321
      0.1532399             250.9873             31.76390
      0.1540099             264.1418             32.09373
      0.1547798             238.3473             31.55145
      0.1555498             246.8418             31.61863
      0.1563198             230.5791             31.17791
      0.1570898             239.8882             31.53618
      0.1578598             218.6873             31.10527
      0.1586298             252.9236             31.65646
      0.1593997             238.5618             31.39705
      0.1601697             197.6855             30.56261
      0.1609397             222.9591             31.08466
      0.1617097             235.2173             31.39345
      0.1624797             227.6145             31.13058
      0.1632496             231.6100             31.20088
      0.1640196             209.4355             30.84453
      0.1647896             214.4664             30.95137
      0.1655596             251.5854             31.91758
      0.1663295             212.8791             31.09396
      0.1670995             195.7927             30.68251
      0.1678695             250.3555             31.95690
      0.1686395             196.6027             30.71046
      0.1694095             159.7991             29.99555
      0.1701794             221.5564             31.20974
      0.1709494             163.0245             30.08574
      0.1717194             223.8082             31.29585
      0.1724894             204.2100             30.74929
      0.1732594             174.6736             30.22625
      0.1740293             164.4045             29.93666
      0.1747993             184.0600             30.30736
      0.1755693             190.7863             30.55721
      0.1763393             209.3336             31.00585
      0.1771093             174.9582             30.17279
      0.1778793             171.8609             30.04729
      0.1786492             190.1500             30.73300
      0.1794192             188.6664             30.65746
      0.1801892             187.1454             30.76623
      0.1809592             182.5582             30.55154
      0.1817292             151.3373             29.98126
      0.1824991             168.6064             30.33478
      0.1832691             155.3900             30.04813
      0.1840391             163.2509             30.10259
      0.1848091             177.5136             30.55876
      0.1855790             115.5645             29.09950
      0.1863490             132.7964             29.47520
      0.1871190             138.6109             29.69309
      0.1878890             107.7700             28.86785
      0.1886590             139.6727             29.73453
      0.1894289             151.5136             29.80242
      0.1901989             113.4936             29.15219
      0.1909689             120.3855             29.29599
      0.1917389             148.8382             29.74849
      0.1925089             145.5445             29.83492
      0.1932788             123.3018             29.46254
      0.1940488             95.20453             28.77553
      0.1948188             93.73001             28.60044
      0.1955888             93.41000             28.46618
      0.1963588             103.2045             28.85660
      0.1971288             107.9109             28.94972
      0.1978987             118.5291             29.18499
      0.1986687             118.8691             29.18121
      0.1994387             96.73001             28.62643
      0.2002087             74.03000             28.18903
      0.2009787             71.36545             28.18157
      0.2017486             124.9063             29.48062
      0.2025186             92.35001             28.71071
      0.2032886             103.4582             28.90186
      0.2040586             55.19547             27.82059
      0.2048285             104.0209             29.03139
      0.2055985             72.01001             28.06988
      0.2063685             46.90182             27.58669
      0.2071385             70.95273             28.07235
      0.2079085             58.10272             27.78432
      0.2086784             86.41180             28.64527
      0.2094484             84.72089             28.37583
      0.2102184             80.68542             28.48040
      0.2109884             80.57727             28.31875
      0.2117584             38.86636             27.46581
      0.2125283             40.83545             27.45675
      0.2132983             68.98999             28.15525
      0.2140683             53.73819             27.80246
      0.2148383             26.72726             27.11591
      0.2156083             66.24820             28.11003
      0.2163783             64.37634             27.96106
      0.2171482             53.70093             27.84402
      0.2179182             53.04089             27.76885
      0.2186882             42.28818             27.39653
      0.2194582             47.61270             27.53970
      0.2202282             41.64816             27.32880
      0.2209981             55.84454             27.74372
      0.2217681             33.11182             27.13679
      0.2225381             21.06088             26.85596
      0.2233081             47.71637             27.58555
      0.2240780             66.50000             27.95896
      0.2248480             45.29907             27.58583
      0.2256180             39.09363             27.36363
      0.2263880             3.749084             26.71118
      0.2271580             36.97635             27.53384
      0.2279279             33.05365             27.31286
      0.2286979             28.29181             27.20049
      0.2294679             35.53906             27.53754
      0.2302379             18.45093             27.09244
      0.2310079             46.00726             27.71617
      0.2317779             36.76001             27.39948
      0.2325478             42.49271             27.70125
      0.2333178             88.90543             28.75402
      0.2340878             30.57455             27.09853
      0.2348578             32.65634             27.39927
      0.2356278             36.38727             27.48718
      0.2363977             37.05820             27.54170
      0.2371677             30.45999             27.24628
      0.2379377             63.97635             28.00821
      0.2387077             7.658203             26.72713
      0.2394776            -1.944550             26.34326
      0.2402476             35.75092             27.58503
      0.2410176             37.20364             27.50161
      0.2417876             35.68271             27.58212
      0.2425576             35.46637             27.50847
      0.2433275             36.88998             27.64896
      0.2440975             18.14365             27.09600
      0.2448675            0.1945496             26.51031
      0.2456375             25.26093             27.13679
      0.2464075             49.96729             27.73841
      0.2471774             48.04456             27.93984
      0.2479474             21.23001             27.13300
      0.2487174             19.80179             27.02341
      0.2494874             41.59634             27.52326
      0.2502574             15.97821             27.18052
      0.2510273             50.48364             27.95094
      0.2517973             18.27179             27.16640
      0.2525673             26.72635             27.25807
      0.2533373             27.43729             27.38484
      0.2541073             22.63364             27.21179
      0.2548773            -10.53180             26.27313
      0.2556472            -11.47000             26.34318
      0.2564172             45.12820             27.97692
      0.2571872             38.61819             27.49812
      0.2579572             51.61819             27.92045
      0.2587271             15.26273             27.10730
      0.2594971             3.686371             26.82038
      0.2602671            -4.309082             26.68918
      0.2610371            -21.24728             26.07977
      0.2618071             18.50092             27.23094
      0.2625771            -16.60727             26.27991
      0.2633470             43.29544             27.96293
      0.2641170            -12.14819             26.30245
      0.2648870             5.635437             27.04963
      0.2656569           -0.4109192             26.72282
      0.2664269             10.22272             26.94391
      0.2671970            -9.230011             26.68511
      0.2679669             25.26001             27.37394
      0.2687369            -9.605438             26.68811
      0.2695069            -5.327271             26.62302
      0.2702768             7.436371             26.97365
      0.2710468            -3.815430             26.93286
      0.2718168             23.95728             27.62061
      0.2725868             15.35001             27.27283
      0.2733568            -13.31000             26.64685
      0.2741268            -35.36093             26.08870
      0.2748967             22.58365             27.63283
      0.2756667            -5.972717             26.88501
      0.2764367             2.943634             27.12853
      0.2772067            -6.798218             26.85991
      0.2779766             32.24820             27.85573
      0.2787466            -4.297272             27.06155
      0.2795166             31.39365             28.02429
      0.2802866             12.41998             27.26439
      0.2810566           0.07998657             27.10328
      0.2818266             47.12634             28.32695
      0.2825965             31.49271             28.15307
      0.2833665             20.78635             27.69470
      0.2841365            -7.626373             27.00001
      0.2849064            -17.89819             26.77408
      0.2856764             30.08636             27.93068
      0.2864465          -0.05728149             27.26877
      0.2872164             25.40634             27.89823
      0.2879864             14.25180             27.62788
      0.2887564            -8.666351             27.04256
      0.2895263             3.260925             27.20881
      0.2902963             34.64728             28.16509
      0.2910663             6.172729             27.44018
      0.2918363            -3.997284             27.07033
      0.2926063             34.09543             27.94558
      0.2933763             13.28091             27.41990
      0.2941462             16.02457             27.53248
      0.2949162             27.62271             27.89357
      0.2956862            -35.89819             26.29857
      0.2964562            -8.728210             26.99722
      0.2972261            0.1127014             27.28148
      0.2979961            -4.710938             27.36878
      0.2987661             13.09909             27.81015
      0.2995361             17.66635             27.84305
      0.3003061             22.35272             27.91916
      0.3010761             23.07455             28.00775
      0.3018460            -16.10635             27.06381
      0.3026160             10.86728             27.64783
      0.3033860             7.949066             27.51504
      0.3041559             15.92908             27.91994
      0.3049260             19.07455             27.90219
      0.3056960             37.59543             28.26765
      0.3064659             13.84271             27.81968
      0.3072359             44.82272             28.55227
      0.3080059             21.41635             28.16199
      0.3087758             13.34363             27.95940
      0.3095458             26.00821             28.16329
      0.3103158             71.19363             29.24829
      0.3110858             20.98178             28.06920
      0.3118558           0.02365112             27.57640
      0.3126258             9.445435             27.68579
      0.3133957             26.87820             27.99881
      0.3141657             30.17178             28.02375
      0.3149357             39.69272             28.34885
      0.3157057            -15.94092             27.09906
      0.3164756             27.90457             28.09592
      0.3172456             14.42999             27.88427
      0.3180156             20.19363             27.97944
      0.3187856            -3.614563             27.50713
      0.3195556             4.056366             27.81396
      0.3203256             25.77820             28.32529
      0.3210955             53.97455             28.85648
      0.3218655             33.29907             28.44015
      0.3226355             25.05179             28.26102
      0.3234054             15.36093             28.03343
      0.3241755             27.45819             28.32867
      0.3249454             15.85999             27.96534
      0.3257154             29.80457             28.37007
      0.3264854             42.58820             28.67305
      0.3272554            -8.195435             27.41976
      0.3280253            0.8354492             27.63640
      0.3287953             27.80457             28.35305
      0.3295653             33.39178             28.58613
      0.3303353             22.58820             28.21862
      0.3311053             11.81091             27.96174
      0.3318753            -4.255432             27.62474
      0.3326452            -6.641815             27.60207
      0.3334152             10.68271             27.89675
      0.3341852             27.40909             28.46290
      0.3349552             27.72906             28.58454
      0.3357251            -4.260010             27.74807
      0.3364951            -5.739075             27.63010
      0.3372651             23.20999             28.34006
      0.3380351            -3.536377             27.77902
      0.3388051             21.60272             28.44538
      0.3395751             16.05090             28.30058
      0.3403450             52.08179             29.15897
      0.3411150             3.679993             28.07821
      0.3418850             12.40179             28.24901
      0.3426549             2.443634             27.97394
      0.3434249             19.56729             28.45965
      0.3441949             30.49637             28.76542
      0.3449649             64.62454             29.50917
      0.3457349             21.05728             28.39695
      0.3465049             3.026367             28.09108
      0.3472748             12.94907             28.25801
      0.3480448             50.54272             29.45663
      0.3488148            -7.854553             27.62587
      0.3495848             16.32635             28.42791
      0.3503547             24.77457             28.62274
      0.3511248             11.82092             28.25801
      0.3518947            -3.879089             28.11932
      0.3526647             30.17178             28.69618
      0.3534347             39.60635             29.10587
      0.3542047             37.42093             28.85515
      0.3549746             6.921783             28.33580
      0.3557446            -23.74728             27.71725
      0.3565146             2.385437             28.26731
      0.3572845             3.597290             28.34866
      0.3580546             34.54636             29.03329
      0.3588246             22.04272             28.93859
      0.3595945             9.367279             28.59619
      0.3603645            -59.69455             26.59638
      0.3611345             18.90363             28.71362
      0.3619044            -12.16910             28.06695
      0.3626744             12.89728             28.63156
      0.3634444             29.78271             28.86231
      0.3642144            -14.45999             27.90385
      0.3649844             14.60181             28.61042
      0.3657544             9.292725             28.36782
      0.3665243             12.78726             28.32659
      0.3672943             48.40543             29.22842
      0.3680643             3.091797             28.26253
      0.3688343             37.51364             28.92867
      0.3696042            -3.177277             28.05476
      0.3703743             29.54456             28.92803
      0.3711442             17.99908             28.63538
      0.3719142             63.35001             29.81724
      0.3726842             43.84000             29.21995
      0.3734542            -21.40091             27.77139
      0.3742241             43.89273             29.32028
      0.3749941             6.269989             28.47882
      0.3757641            -7.193634             28.10742
      0.3765341            -8.827271             28.16984
      0.3773041             27.20999             29.15944
      0.3780740             11.29819             28.64215
      0.3788440             9.629089             28.91439
      0.3796140             31.90729             29.26793
      0.3803840             17.76364             29.05792
      0.3811539             31.29999             29.39394
      0.3819239             13.31543             28.94712
      0.3826939            -46.44180             27.49164
      0.3834639            -30.80820             27.69143
      0.3842339             14.67273             29.00092
      0.3850039             18.22455             29.10787
      0.3857738            -13.69821             28.32405
      0.3865438            -8.053650             28.40764
      0.3873138             25.14270             29.35143
      0.3880838             25.67456             29.57110
      0.3888537             15.95273             29.20425
      0.3896238             7.890930             28.95229
      0.3903937            -25.78909             28.16814
      0.3911637             5.680908             29.06866
      0.3919337             2.711792             28.88268
      0.3927037             10.99908             28.94545
      0.3934736             29.72543             29.42556
      0.3942436            -1.749084             28.72265
      0.3950136             16.11179             29.19042
      0.3957836             44.60635             29.79659
      0.3965536             6.116364             28.78734
      0.3973235             16.34821             29.07521
      0.3980935             12.54001             28.99051
      0.3988635             27.08090             29.43515
      0.3996335            -16.73822             28.39707
      0.4004034            -2.480011             28.65414
      0.4011734            -28.31458             27.97726
      0.4019434             49.32999             30.14126
      0.4027134             40.23273             29.76556
      0.4034834             29.83090             29.71009
      0.4042534             25.57727             29.50167
      0.4050233            -16.87546             28.43612
      0.4057933             9.093628             29.06652
      0.4065633             17.19543             29.25750
      0.4073333            -2.160004             28.82656
      0.4081032            -1.685455             28.62312
      0.4088733             14.19092             29.25374
      0.4096432             31.75363             29.49623
      0.4104132             10.28543             29.05776
      0.4111832             8.929993             29.11658
      0.4119532             21.82181             29.62519
      0.4127231             15.87909             29.39604
      0.4134931             35.11090             29.92357
      0.4142631            -4.048218             29.00940
      0.4150331             14.94272             29.44042
      0.4158031             10.77908             29.39604
      0.4165730             16.71091             29.35771
      0.4173430            -9.000000             28.86372
      0.4181130             35.49457             29.86046
      0.4188830             38.23636             30.03827
      0.4196529             45.53000             30.29803
      0.4204229             39.03543             29.90621
      0.4211929            -2.710938             29.13638
      0.4219629            -8.339996             28.93586
      0.4227329             6.454559             29.29164
      0.4235029             62.16998             30.52376
      0.4242728             22.42178             29.66449
      0.4250428             7.582703             29.35950
      0.4258128             12.06180             29.33113
      0.4265828             2.081787             29.18554
      0.4273528            -2.721802             28.89689
      0.4281228            -14.35544             28.77823
      0.4288927            -20.91180             28.71592
      0.4296627             6.757263             29.27752
      0.4304327             34.03091             29.82683
      0.4312027             31.26273             29.92526
      0.4319726            -31.61182             28.42521
      0.4327426             12.69272             29.60643
      0.4335126             28.89365             29.74391
      0.4342826             21.22272             29.67281
      0.4350526             34.12543             30.01456
      0.4358225             35.05270             30.16418
      0.4365925            -4.499084             29.12385
      0.4373625             1.547272             29.25758
      0.4381325            -16.73544             28.64294
      0.4389024             7.295441             29.38042
      0.4396724            -15.57001             28.79175
      0.4404424             17.29544             29.57119
      0.4412124             24.09906             29.83816
      0.4419824             19.89819             29.65087
      0.4427524             21.98178             29.74016
      0.4435223             11.47180             29.61482
      0.4442923             8.321808             29.48071
      0.4450623             51.04819             30.37926
      0.4458323             44.54272             30.31687
      0.4466023             17.68179             29.67624
      0.4473723             63.61090             30.78313
      0.4481422             23.22455             29.65878
      0.4489122             47.00821             30.23599
      0.4496822             2.065430             29.35612
      0.4504521            -1.084564             29.20551
      0.4512221             21.28635             29.96490
      0.4519921             25.54907             29.98738
      0.4527621             33.43179             30.16357
      0.4535321            -24.86182             28.77059
      0.4543021             39.92636             30.20083
      0.4550720             45.64365             30.40391
      0.4558420           -0.1618042             29.28729
      0.4566120             27.56454             29.98567
      0.4573820            -12.19272             28.87334
      0.4581519             49.43634             30.36971
      0.4589219             15.57092             29.77563
      0.4596919             19.22635             29.75009
      0.4604619             4.917267             29.50629
      0.4612319             38.02090             30.40722
      0.4620019            -13.30820             29.17924
      0.4627718            -4.864563             29.35353
      0.4635418             39.16635             30.48115
      0.4643118            -9.606354             29.24856
      0.4650818             70.02271             31.22159
      0.4658518             27.54819             30.11513
      0.4666218             31.82635             30.15538
      0.4673917             25.42456             30.12409
      0.4681617             29.16180             30.16151
      0.4689317             6.382721             29.64198
      0.4697016             15.74271             29.83809
      0.4704716            -4.566376             29.34287
      0.4712416             12.78000             29.82622
      0.4720116             22.71820             30.13917
      0.4727816             30.68729             30.06074
      0.4735516            -4.467285             29.34221
      0.4743215             34.64545             30.28760
      0.4750915             44.56821             30.61051
      0.4758615             28.10455             30.17726
      0.4766315             24.04727             30.00213
      0.4774014             25.72906             30.15236
      0.4781715            -1.950928             29.38401
      0.4789414             2.729065             29.59100
      0.4797114             25.92545             30.22731
      0.4804814             18.28091             29.96730
      0.4812514             6.967285             29.82198
      0.4820213            -7.249084             29.41619
      0.4827913             27.59180             30.16724
      0.4835613             28.40179             30.46702
      0.4843313             24.23636             30.16189
      0.4851013            -6.675446             29.57651
      0.4858713            -1.840912             29.61065
