n0 =          240
     0.02388324             305.7682             33.88757
     0.02465323             321.5500             34.20747
     0.02542320             277.3782             33.34116
     0.02619319             310.0100             33.84682
     0.02696316             282.7236             33.16820
     0.02773315             273.4591             32.84490
     0.02850312             216.8809             31.81816
     0.02927311             316.6427             33.72736
     0.03004308             269.2500             32.62761
     0.03081307             289.7027             32.96231
     0.03158304             324.2482             33.65859
     0.03235303             260.7627             32.31658
     0.03312300             270.8073             32.49010
     0.03389299             290.0745             32.91202
     0.03466296             348.2845             33.95929
     0.03543295             269.4700             32.34192
     0.03620292             275.7791             32.37914
     0.03697290             277.0309             32.35033
     0.03774288             291.5873             32.79046
     0.03851286             300.9673             32.67269
     0.03928284             287.1527             32.60160
     0.04005282             278.6891             32.47879
     0.04082280             288.3954             32.50386
     0.04159278             287.1064             32.58262
     0.04236276             302.7709             32.71777
     0.04313274             315.7709             33.20316
     0.04390272             270.5745             32.29723
     0.04467270             314.7691             33.03182
     0.04544269             318.4645             32.93652
     0.04621266             324.7164             33.20181
     0.04698265             276.5218             32.11221
     0.04775262             296.1973             32.62218
     0.04852261             304.7382             32.64535
     0.04929258             332.7073             33.20344
     0.05006257             301.5791             32.66613
     0.05083254             317.4027             33.20531
     0.05160253             286.3827             32.60813
     0.05237250             340.2173             33.55627
     0.05314249             318.2636             33.09449
     0.05391246             332.5327             33.38895
     0.05468245             297.3473             32.50083
     0.05545242             311.7845             32.93842
     0.05622241             323.2682             33.01089
     0.05699238             333.2882             33.14902
     0.05776237             321.2773             33.12683
     0.05853234             336.3809             33.29668
     0.05930233             305.9282             32.79256
     0.06007230             346.6855             33.56466
     0.06084229             359.4073             33.77460
     0.06161226             350.7737             33.59105
     0.06238224             367.4845             34.11124
     0.06315222             352.4227             33.69687
     0.06392220             411.8091             34.70511
     0.06469218             327.2836             33.12390
     0.06546216             320.6391             32.99495
     0.06623214             345.2064             33.54353
     0.06700212             359.1691             33.72688
     0.06777211             303.3127             32.62540
     0.06854208             363.5136             33.89711
     0.06931207             335.6791             33.23080
     0.07008204             317.4055             32.92738
     0.07085203             353.4827             33.54473
     0.07162200             356.8227             33.57288
     0.07239199             327.6682             33.03432
     0.07316196             362.1936             33.82473
     0.07393195             366.7764             33.73191
     0.07470192             372.0237             33.97221
     0.07547191             363.2000             33.76033
     0.07624188             357.8445             33.73483
     0.07701187             339.0255             33.41058
     0.07778184             375.4273             34.06610
     0.07855183             368.2263             33.91861
     0.07932180             391.5509             34.52572
     0.08009179             377.7318             34.07220
     0.08086176             362.0518             33.86818
     0.08163175             370.0409             33.98340
     0.08240172             395.0564             34.33890
     0.08317171             332.7164             33.24240
     0.08394168             374.1536             34.07073
     0.08471167             322.2573             33.14318
     0.08548164             358.4427             33.65113
     0.08625162             346.7827             33.51273
     0.08702160             341.4273             33.44534
     0.08779158             414.4073             34.79107
     0.08856156             391.9527             34.42694
     0.08933155             358.1582             33.71191
     0.09010153             390.9682             34.31597
     0.09087150             366.1227             33.82113
     0.09164147             365.7873             33.96358
     0.09241147             334.3036             33.13112
     0.09318145             364.1073             33.78320
     0.09395142             389.5555             34.36531
     0.09472139             324.2263             33.06717
     0.09549139             367.4227             33.87793
     0.09626137             305.4845             32.90018
     0.09703134             422.6655             34.93404
     0.09780131             364.2327             33.84590
     0.09857132             361.6655             33.97308
     0.09934129             384.0982             34.29782
      0.1001113             393.3036             34.50037
      0.1008812             359.7255             33.69590
      0.1016512             359.7364             33.76136
      0.1024212             392.3654             34.38602
      0.1031912             320.3545             32.91497
      0.1039612             376.6945             33.85690
      0.1047312             312.9000             32.80377
      0.1055011             324.0191             33.13366
      0.1062711             338.8755             33.35662
      0.1070411             381.7627             34.20906
      0.1078111             382.3300             34.21814
      0.1085811             343.4800             33.44321
      0.1093510             335.8927             33.42191
      0.1101210             303.6964             32.85391
      0.1108910             341.0673             33.57712
      0.1116610             332.5882             33.26180
      0.1124309             364.5109             33.79527
      0.1132009             328.6809             33.26871
      0.1139709             318.0100             32.95548
      0.1147409             332.1227             33.17451
      0.1155109             379.2863             34.15590
      0.1162808             366.6682             33.86985
      0.1170508             317.7009             32.89730
      0.1178208             342.5618             33.35211
      0.1185908             300.6236             32.63698
      0.1193608             301.5882             32.54450
      0.1201307             322.2836             33.12456
      0.1209007             322.9636             33.33407
      0.1216707             306.8709             32.83464
      0.1224407             308.4491             32.79025
      0.1232107             310.9854             32.95122
      0.1239807             346.4091             33.57598
      0.1247506             307.0891             32.73980
      0.1255206             280.8973             32.19233
      0.1262906             318.6500             33.08304
      0.1270606             310.9500             32.95182
      0.1278306             303.1709             32.78165
      0.1286005             293.7118             32.48646
      0.1293705             291.0627             32.51964
      0.1301405             311.9345             33.02296
      0.1309105             293.9964             32.74197
      0.1316804             332.0627             33.20941
      0.1324504             272.1400             32.00883
      0.1332204             299.4182             32.64276
      0.1339904             311.1291             32.93151
      0.1347604             303.2991             32.75991
      0.1355303             268.8091             31.91672
      0.1363003             303.2064             32.75226
      0.1370703             273.5527             32.06892
      0.1378403             289.8709             32.37084
      0.1386103             288.9218             32.46522
      0.1393802             295.8600             32.63971
      0.1401502             253.1800             31.66346
      0.1409202             309.4736             32.91604
      0.1416902             241.0255             31.12500
      0.1424602             260.3455             31.77426
      0.1432302             258.7473             31.85826
      0.1440001             291.7627             32.46696
      0.1447701             295.7582             32.57655
      0.1455401             319.8354             33.02201
      0.1463101             241.7445             31.55664
      0.1470800             251.6164             31.78452
      0.1478500             272.9254             32.29575
      0.1486200             262.4618             32.09609
      0.1493900             279.3073             32.42768
      0.1501600             283.4109             32.51870
      0.1509299             260.7773             32.05807
      0.1516999             266.9473             32.12681
      0.1524699             273.6318             32.26270
      0.1532399             247.9873             31.70191
      0.1540099             246.1418             31.72351
      0.1547798             238.3473             31.55145
      0.1555498             251.8418             31.72213
      0.1563198             253.5791             31.65689
      0.1570898             218.8882             31.09383
      0.1578598             260.6873             31.98194
      0.1586298             237.9236             31.34464
      0.1593997             223.5618             31.08082
      0.1601697             245.6855             31.58344
      0.1609397             256.9591             31.79554
      0.1617097             241.2173             31.51900
      0.1624797             239.6145             31.38256
      0.1632496             255.6100             31.70004
      0.1640196             282.4355             32.35890
      0.1647896             183.4664             30.28086
      0.1655596             213.5854             31.12094
      0.1663295             177.8791             30.33478
      0.1670995             195.7927             30.68251
      0.1678695             193.3555             30.75377
      0.1686395             229.6027             31.41251
      0.1694095             189.7991             30.65660
      0.1701794             195.5564             30.65437
      0.1709494             201.0245             30.91908
      0.1717194             174.8082             30.23882
      0.1724894             165.2100             29.89606
      0.1732594             180.6736             30.35844
      0.1740293             160.4045             29.84703
      0.1747993             198.0600             30.61200
      0.1755693             175.7863             30.22815
      0.1763393             176.3336             30.28939
      0.1771093             205.9582             30.84646
      0.1778793             146.8609             29.48795
      0.1786492             165.1500             30.18401
      0.1794192             187.6664             30.63576
      0.1801892             147.1454             29.87957
      0.1809592             137.5582             29.54756
      0.1817292             159.3373             30.16033
      0.1824991             138.6064             29.66321
      0.1832691             125.3900             29.36763
      0.1840391             111.2509             28.91912
      0.1848091             124.5136             29.36905
      0.1855790             167.5645             30.27930
      0.1863490             138.7964             29.61213
      0.1871190             143.6109             29.80655
      0.1878890             166.7700             30.21427
      0.1886590             136.6727             29.66625
      0.1894289             96.51364             28.53272
      0.1901989             117.4936             29.24524
      0.1909689             93.38547             28.66198
      0.1917389             118.8382             29.06304
      0.1925089             122.5445             29.30971
      0.1932788             144.3018             29.94258
      0.1940488             119.2045             29.33938
      0.1948188             154.7300             30.00879
      0.1955888             115.4100             28.98534
      0.1963588             136.2045             29.62148
      0.1971288             71.91089             28.08749
      0.1978987             108.5291             28.95161
      0.1986687             103.8691             28.83017
      0.1994387             88.73001             28.43530
      0.2002087             73.03000             28.16465
      0.2009787             83.36545             28.47262
      0.2017486             105.9063             29.03885
      0.2025186             78.35001             28.37430
      0.2032886             107.4582             28.99582
      0.2040586             72.19547             28.23964
      0.2048285             88.02090             28.65215
      0.2055985             88.01001             28.45659
      0.2063685             65.90182             28.05907
      0.2071385             72.95273             28.12120
      0.2079085             53.10272             27.65986
      0.2086784             98.41180             28.93132
      0.2094484             81.72089             28.30353
      0.2102184             77.68542             28.40786
      0.2109884             57.57727             27.75587
      0.2117584             75.86636             28.38362
      0.2125283             92.83545             28.73213
      0.2132983             59.98999             27.93396
      0.2140683             58.73819             27.92646
      0.2148383             54.72726             27.82494
      0.2156083             55.24820             27.83857
      0.2163783             84.37634             28.44731
      0.2171482             37.70093             27.44097
      0.2179182             79.04089             28.40785
      0.2186882             93.28818             28.64811
      0.2194582             75.61270             28.23206
      0.2202282             38.64816             27.25250
      0.2209981             45.84454             27.49309
      0.2217681             40.11182             27.31575
      0.2225381             48.06088             27.54724
      0.2233081             92.71637             28.68580
      0.2240780             41.50000             27.33583
      0.2248480             40.29907             27.45948
      0.2256180             34.09363             27.23647
      0.2263880             16.74908             27.05306
      0.2271580             20.97635             27.12396
      0.2279279             46.05365             27.64138
      0.2286979             26.29181             27.14925
      0.2294679             9.539063             26.86701
      0.2302379             19.45093             27.11838
      0.2310079             62.00726             28.11322
      0.2317779             15.76001             26.85973
      0.2325478             70.49271             28.39276
      0.2333178             28.90543             27.27684
      0.2340878             33.57455             27.17502
      0.2348578             5.656342             26.69780
      0.2356278             39.38727             27.56338
      0.2363977             22.05820             27.15719
      0.2371677             24.45999             27.09197
      0.2379377             55.97635             27.81114
      0.2387077             20.65820             27.06575
      0.2394776             7.055450             26.58126
      0.2402476             37.75092             27.63560
      0.2410176             16.20364             26.96257
      0.2417876             65.68271             28.32946
      0.2425576             51.46637             27.91051
      0.2433275             34.88998             27.59832
      0.2440975             11.14365             26.91416
      0.2448675             25.19455             27.16245
      0.2456375             18.26093             26.95617
      0.2464075             39.96729             27.48809
      0.2471774             43.04456             27.81476
      0.2479474             52.23001             27.91753
      0.2487174             40.80179             27.55964
      0.2494874             10.59634             26.72848
      0.2502574            -2.021790             26.70745
      0.2510273            -14.51636             26.26768
      0.2517973            0.2717896             26.69463
      0.2525673            -17.27365             26.09964
      0.2533373             9.437286             26.91943
      0.2541073             29.63364             27.39075
      0.2548773            -19.53180             26.02926
      0.2556472            0.5299988             26.66390
      0.2564172             30.12820             27.59881
      0.2571872             14.61819             26.88487
      0.2579572             7.618195             26.80023
      0.2587271             24.26273             27.33922
      0.2594971             6.686371             26.89906
      0.2602671            -6.309082             26.63588
      0.2610371             45.75272             27.82433
      0.2618071            -18.49908             26.25354
      0.2625771             6.392731             26.89164
      0.2633470             6.295441             27.01920
      0.2641170            -14.14819             26.24869
      0.2648870             3.635437             26.99722
      0.2656569            -4.410919             26.61697
      0.2664269            -11.77728             26.36247
      0.2671970            -5.230011             26.79156
      0.2679669             1.260010             26.75336
      0.2687369             8.394562             27.16183
      0.2695069            -6.327271             26.59650
      0.2702768             26.43637             27.46135
      0.2710468             13.18457             27.37568
      0.2718168            -24.04272             26.36025
      0.2725868             12.35001             27.19573
      0.2733568            0.6900024             27.01682
      0.2741268             17.63907             27.49319
      0.2748967            -10.41635             26.77885
      0.2756667             42.02728             28.10717
      0.2764367             20.94363             27.59147
      0.2772067             27.20178             27.73568
      0.2779766             14.24820             27.39996
      0.2787466             35.70273             28.08251
      0.2795166            -9.606354             26.97158
      0.2802866            -5.580017             26.79836
      0.2810566             9.079987             27.33582
      0.2818266             16.12634             27.55325
      0.2825965             12.49271             27.67352
      0.2833665             12.78635             27.49136
      0.2841365            -13.62637             26.84167
      0.2849064             32.10181             28.05895
      0.2856764             37.08636             28.10449
      0.2864465             11.94272             27.57698
      0.2872164             10.40634             27.51868
      0.2879864             1.251801             27.29464
      0.2887564             34.33365             28.13944
      0.2895263             9.260925             27.36332
      0.2902963            -1.352722             27.24985
      0.2910663             6.172729             27.44018
      0.2918363             22.00272             27.73819
      0.2926063            -4.904572             26.95080
      0.2933763             5.280914             27.21442
      0.2941462             25.02457             27.75963
      0.2949162             2.622711             27.25848
      0.2956862            -1.898193             27.20365
      0.2964562             23.27179             27.81927
      0.2972261            -25.88730             26.59620
      0.2979961            -1.710938             27.44660
      0.2987661            -15.90091             27.06073
      0.2995361             31.66635             28.19263
      0.3003061           -0.6472778             27.33564
      0.3010761             20.07455             27.93270
      0.3018460            -20.10635             26.95825
      0.3026160             49.86728             28.61529
      0.3033860             23.94907             27.91964
      0.3041559             34.92908             28.39408
      0.3049260             13.07455             27.75105
      0.3056960             38.59543             28.29215
      0.3064659             21.84271             28.02069
      0.3072359             9.822723             27.68410
      0.3080059            -1.583649             27.57997
      0.3087758             4.343628             27.73109
      0.3095458             24.00821             28.11354
      0.3103158             53.19363             28.81969
      0.3110858             44.98178             28.66118
      0.3118558            -5.976349             27.42169
      0.3126258            -14.55457             27.06604
      0.3133957             22.87820             27.89906
      0.3141657             23.17178             27.84951
      0.3149357            -8.307281             27.13765
      0.3157057             15.05908             27.89699
      0.3164756             15.90457             27.79591
      0.3172456             32.42999             28.33374
      0.3180156            -52.80637             26.05993
      0.3187856             20.38544             28.11563
      0.3195556             42.05637             28.75834
      0.3203256             23.77820             28.27573
      0.3210955             19.97455             28.02679
      0.3218655             37.29907             28.53798
      0.3226355             37.05179             28.55592
      0.3234054             1.360931             27.67941
      0.3241755             28.45819             28.35337
      0.3249454             56.85999             28.96893
      0.3257154             12.80457             27.94741
      0.3264854             13.58820             27.95815
      0.3272554             43.80457             28.71882
      0.3280253           -0.1645508             27.61086
      0.3287953             52.80457             28.96053
      0.3295653             11.39178             28.03948
      0.3303353             22.58820             28.21862
      0.3311053             26.81091             28.33467
      0.3318753             6.744568             27.90415
      0.3326452             37.35818             28.69975
      0.3334152             5.682709             27.77089
      0.3341852            -8.590912             27.55699
      0.3349552             55.72906             29.26134
      0.3357251             12.73999             28.17769
      0.3364951            -27.73907             27.05895
      0.3372651             41.20999             28.77872
      0.3380351             2.463623             27.93093
      0.3388051            -7.397278             27.71798
      0.3395751             34.05090             28.74240
      0.3403450           -0.9182129             27.85825
      0.3411150             22.67999             28.55117
      0.3418850             12.40179             28.24901
      0.3426549            -5.556366             27.77139
      0.3434249            -12.43271             27.65444
      0.3441949             26.49637             28.66806
      0.3449649             38.62454             28.89216
      0.3457349            -3.942719             27.77227
      0.3465049             19.02637             28.48960
      0.3472748            -20.05093             27.42070
      0.3480448             56.54272             29.59853
      0.3488148            -20.85455             27.29176
      0.3495848             12.32635             28.32890
      0.3503547            0.7745667             28.02712
      0.3511248           -0.1790771             27.95762
      0.3518947             37.12091             29.13021
      0.3526647             18.17178             28.40270
      0.3534347             1.606354             28.17520
      0.3542047             8.420929             28.14710
      0.3549746             18.92178             28.63177
      0.3557446             27.25272             28.99051
      0.3565146             19.38544             28.68789
      0.3572845            -2.402710             28.19847
      0.3580546            0.5463562             28.20063
      0.3588246             7.042725             28.57108
      0.3595945             61.36728             29.84049
      0.3603645             7.305450             28.32689
      0.3611345             2.903625             28.31995
      0.3619044             24.83090             28.98363
      0.3626744             30.89728             29.06970
      0.3634444             45.78271             29.24546
      0.3642144             23.54001             28.85175
      0.3649844             9.601807             28.48688
      0.3657544             29.29272             28.85756
      0.3665243             58.78726             29.43229
      0.3672943            -18.59457             27.57562
      0.3680643             14.09180             28.53533
      0.3688343            -2.486359             27.94543
      0.3696042             24.82272             28.74881
      0.3703743             12.54456             28.51201
      0.3711442             20.99908             28.70879
      0.3719142            -16.64999             27.86788
      0.3726842             41.84000             29.17239
      0.3734542             10.59909             28.57558
      0.3742241             32.89273             29.05793
      0.3749941             23.26999             28.89484
      0.3757641            -4.193634             28.18266
      0.3765341            -10.82727             28.11946
      0.3773041             36.20999             29.37459
      0.3780740             25.29819             28.98171
      0.3788440             20.62909             29.18166
      0.3796140             23.90729             29.07636
      0.3803840             32.76364             29.41773
      0.3811539             17.29999             29.05792
      0.3819239            0.3154297             28.62861
      0.3826939             23.55820             29.24552
      0.3834639            -15.80820             28.07294
      0.3842339            -1.327271             28.61007
      0.3850039             8.224548             28.86561
      0.3857738             9.301788             28.89170
      0.3865438            -14.05365             28.25801
      0.3873138            -12.85730             28.42409
      0.3880838            -5.325439             28.81956
      0.3888537            -4.047272             28.71685
      0.3896238             21.89093             29.28987
      0.3903937             24.21091             29.39590
      0.3911637             8.680908             29.14147
      0.3919337             8.711792             29.02854
      0.3927037             14.99908             29.04212
      0.3934736             26.72543             29.35425
      0.3942436             36.25092             29.63807
      0.3950136             24.11179             29.38243
      0.3957836           -0.3936462             28.71806
      0.3965536             31.11636             29.38916
      0.3973235            0.3482056             28.68530
      0.3980935            -31.45999             27.89692
      0.3988635           0.08090210             28.78214
      0.3996335             7.261780             28.98977
      0.4004034             18.51999             29.16440
      0.4011734             19.68542             29.16015
      0.4019434           -0.6700134             28.95031
      0.4027134           -0.7672729             28.78520
      0.4034834             35.83090             29.85136
      0.4042534             19.57727             29.35848
      0.4050233             36.12454             29.71841
      0.4057933             27.09363             29.49756
      0.4065633            -17.80457             28.39878
      0.4073333            -21.16000             28.35418
      0.4081032             32.31454             29.44119
      0.4088733             2.190918             28.96269
      0.4096432            -16.24637             28.33297
      0.4104132             8.285431             29.00948
      0.4111832             34.92999             29.73499
      0.4119532            -21.17819             28.57638
      0.4127231             1.879089             29.05846
      0.4134931             9.110901             29.30586
      0.4142631             10.95178             29.37301
      0.4150331            -20.05728             28.58784
      0.4158031            -9.220917             28.91208
      0.4165730             14.71091             29.31004
      0.4173430            -1.000000             29.05890
      0.4181130             12.49457             29.31740
      0.4188830             10.23636             29.37675
      0.4196529             39.53000             30.15906
      0.4204229             13.03543             29.29332
      0.4211929             20.28906             29.68813
      0.4219629             19.66000             29.61031
      0.4227329           -0.5454407             29.12275
      0.4235029             2.169983             29.11966
      0.4242728             19.42178             29.59334
      0.4250428            -20.41730             28.67546
      0.4258128             8.061798             29.23524
      0.4265828            -5.918213             28.99083
      0.4273528             25.27820             29.56746
      0.4281228             20.64456             29.62381
      0.4288927            -3.911804             29.13395
      0.4296627            -8.242737             28.91306
      0.4304327             18.03091             29.45011
      0.4312027             4.262726             29.28342
      0.4319726             5.388184             29.33411
      0.4327426             53.69272             30.56093
      0.4335126             29.89365             29.76728
      0.4342826             30.22272             29.88436
      0.4350526           -0.8745728             29.18435
      0.4358225             17.05270             29.74131
      0.4365925            -16.49908             28.82967
      0.4373625             41.54727             30.20272
      0.4381325             2.264557             29.10624
      0.4389024             19.29544             29.66614
      0.4396724             5.429993             29.30201
      0.4404424             35.29544             29.99360
      0.4412124           0.09906006             29.26537
      0.4419824             59.89819             30.57657
      0.4427524             17.98178             29.64577
      0.4435223             8.471802             29.54327
      0.4442923             30.32181             30.00045
      0.4450623             29.04819             29.87075
      0.4458323            -1.457275             29.23108
      0.4466023             14.68179             29.60501
      0.4473723             51.61090             30.51124
      0.4481422            -15.77545             28.72197
      0.4489122             18.00821             29.56167
      0.4496822             6.065430             29.45201
      0.4504521             23.91544             29.80047
      0.4512221             8.286346             29.65659
      0.4519921             16.54907             29.77537
      0.4527621             7.431793             29.55204
      0.4535321             13.13818             29.69138
      0.4543021             50.92636             30.45280
      0.4550720            -9.356354             29.10767
      0.4558420             38.83820             30.20726
      0.4566120            -17.43546             28.90590
      0.4573820             45.80728             30.24572
      0.4581519             2.436340             29.26946
      0.4589219             33.57092             30.19711
      0.4596919            -22.77365             28.73825
      0.4604619             14.91727             29.74385
      0.4612319             35.02090             30.33807
      0.4620019             17.69180             29.92040
      0.4627718             4.135437             29.56917
      0.4635418            -9.833649             29.32642
      0.4643118            -6.606354             29.32102
      0.4650818             11.02271             29.87094
      0.4658518             9.548187             29.69318
      0.4666218             4.826355             29.52207
      0.4673917            -6.575439             29.36635
      0.4681617             27.16180             30.11513
      0.4689317            -1.617279             29.45084
      0.4697016            -5.257294             29.33720
      0.4704716             55.43362             30.74238
      0.4712416            -12.22000             29.22786
      0.4720116             6.718201             29.76245
      0.4727816             9.687286             29.56927
      0.4735516             24.53271             30.02851
      0.4743215             9.645447             29.70313
      0.4750915             1.568207             29.60616
      0.4758615             14.10455             29.84981
      0.4766315             6.047272             29.57784
      0.4774014            -5.270935             29.41954
      0.4781715             61.04907             30.84171
      0.4789414             9.729065             29.75720
      0.4797114             32.92545             30.38918
      0.4804814            0.2809143             29.54160
      0.4812514            -4.032715             29.55992
      0.4820213            -25.24908             28.97857
      0.4827913             44.59180             30.55665
      0.4835613            -12.59821             29.49985
      0.4843313             28.23636             30.25444
      0.4851013             2.324554             29.79116
      0.4858713             19.15909             30.10594
