n0 =          240
     0.02388324             303.7682             33.84919
     0.02465323             324.5500             34.26439
     0.02542320             295.3782             33.69283
     0.02619319             368.0100             34.94003
     0.02696316             378.7236             34.99531
     0.02773315             325.4591             33.85946
     0.02850312             320.8809             33.89997
     0.02927311             325.6427             33.90051
     0.03004308             340.2500             34.01258
     0.03081307             261.7027             32.40317
     0.03158304             309.2482             33.36807
     0.03235303             278.7627             32.67863
     0.03312300             308.8073             33.24417
     0.03389299             286.0745             32.83247
     0.03466296             283.2845             32.69144
     0.03543295             257.4700             32.09798
     0.03620292             265.7791             32.17702
     0.03697290             298.0309             32.76951
     0.03774288             263.5873             32.22681
     0.03851286             322.9673             33.10449
     0.03928284             314.1527             33.13631
     0.04005282             315.6891             33.21330
     0.04082280             303.3954             32.80184
     0.04159278             300.1064             32.84149
     0.04236276             340.7709             33.45855
     0.04313274             297.7709             32.84822
     0.04390272             336.5745             33.60313
     0.04467270             280.7691             32.35500
     0.04544269             306.4645             32.70027
     0.04621266             314.7164             33.00584
     0.04698265             315.5218             32.88951
     0.04775262             317.1973             33.03708
     0.04852261             240.7382             31.34499
     0.04929258             347.7073             33.49244
     0.05006257             276.5791             32.16550
     0.05083254             346.4027             33.76784
     0.05160253             333.3827             33.53468
     0.05237250             350.2173             33.74829
     0.05314249             334.2636             33.40613
     0.05391246             268.5327             32.11867
     0.05468245             294.3473             32.44109
     0.05545242             372.7845             34.11222
     0.05622241             315.2682             32.85412
     0.05699238             286.2882             32.22031
     0.05776237             357.2773             33.82281
     0.05853234             323.3809             33.04376
     0.05930233             274.9282             32.17126
     0.06007230             347.6855             33.58385
     0.06084229             310.4073             32.82544
     0.06161226             349.7737             33.57191
     0.06238224             356.4845             33.90239
     0.06315222             335.4227             33.36982
     0.06392220             380.8091             34.13042
     0.06469218             362.2836             33.79678
     0.06546216             344.6391             33.46066
     0.06623214             367.2064             33.96291
     0.06700212             303.1691             32.63756
     0.06777211             362.3127             33.77267
     0.06854208             359.5136             33.82097
     0.06931207             392.6791             34.31326
     0.07008204             388.4055             34.28770
     0.07085203             323.4827             32.96389
     0.07162200             330.8227             33.07137
     0.07239199             382.6682             34.08640
     0.07316196             395.1936             34.44554
     0.07393195             406.7764             34.47995
     0.07470192             377.0237             34.06653
     0.07547191             390.2000             34.26825
     0.07624188             374.8445             34.05691
     0.07701187             365.0255             33.90803
     0.07778184             410.4273             34.71675
     0.07855183             331.2263             33.20936
     0.07932180             374.5509             34.20750
     0.08009179             378.7318             34.09097
     0.08086176             362.0518             33.86818
     0.08163175             400.0409             34.54401
     0.08240172             378.0564             34.02156
     0.08317171             455.7164             35.52772
     0.08394168             409.1536             34.72229
     0.08471167             377.2573             34.19758
     0.08548164             441.4427             35.18721
     0.08625162             415.7827             34.80651
     0.08702160             371.4273             34.01766
     0.08779158             387.4073             34.29224
     0.08856156             400.9527             34.59389
     0.08933155             422.1582             34.90560
     0.09010153             409.9682             34.66747
     0.09087150             389.1227             34.25349
     0.09164147             418.7873             34.95032
     0.09241147             403.3036             34.43596
     0.09318145             422.1073             34.86194
     0.09395142             363.5555             33.87603
     0.09472139             388.2263             34.28838
     0.09549139             385.4227             34.21618
     0.09626137             386.4845             34.45685
     0.09703134             357.6655             33.72463
     0.09780131             380.2327             34.14721
     0.09857132             350.6655             33.76346
     0.09934129             366.0982             33.95934
      0.1001113             383.3036             34.31390
      0.1008812             395.7255             34.37291
      0.1016512             324.7364             33.08648
      0.1024212             372.3654             34.01151
      0.1031912             328.3545             33.07138
      0.1039612             385.6945             34.02573
      0.1047312             364.9000             33.81069
      0.1055011             321.0191             33.07489
      0.1062711             356.8755             33.70227
      0.1070411             349.7627             33.60297
      0.1078111             321.3300             33.05123
      0.1085811             389.4800             34.31326
      0.1093510             366.8927             34.01439
      0.1101210             309.6964             32.97259
      0.1108910             334.0673             33.44185
      0.1116610             271.5882             32.05061
      0.1124309             312.5109             32.79136
      0.1132009             288.6809             32.47866
      0.1139709             363.0100             33.82388
      0.1147409             310.1227             32.74337
      0.1155109             316.2863             32.94359
      0.1162808             381.6682             34.15282
      0.1170508             290.7009             32.36175
      0.1178208             337.5618             33.25564
      0.1185908             383.6236             34.23685
      0.1193608             324.5882             32.99715
      0.1201307             361.2836             33.87603
      0.1209007             333.9636             33.54824
      0.1216707             342.8709             33.53748
      0.1224407             332.4491             33.25986
      0.1232107             313.9854             33.01026
      0.1239807             277.4091             32.21864
      0.1247506             321.0891             33.01479
      0.1255206             262.8973             31.82611
      0.1262906             314.6500             33.00454
      0.1270606             326.9500             33.26488
      0.1278306             358.1709             33.84949
      0.1286005             307.7118             32.76469
      0.1293705             304.0627             32.77851
      0.1301405             263.9345             32.06047
      0.1309105             285.9964             32.58184
      0.1316804             324.0627             33.05383
      0.1324504             260.1400             31.76367
      0.1332204             304.4182             32.74200
      0.1339904             255.1291             31.80215
      0.1347604             254.2991             31.76814
      0.1355303             314.8091             32.83835
      0.1363003             305.2064             32.79191
      0.1370703             277.5527             32.14996
      0.1378403             264.8709             31.86408
      0.1386103             244.9218             31.56466
      0.1393802             261.8600             31.95077
      0.1401502             273.1800             32.07378
      0.1409202             280.4736             32.33624
      0.1416902             267.0255             31.66252
      0.1424602             261.3455             31.79480
      0.1432302             289.7473             32.48821
      0.1440001             239.7627             31.40260
      0.1447701             257.7582             31.80653
      0.1455401             236.8354             31.34144
      0.1463101             237.7445             31.47323
      0.1470800             225.6164             31.24235
      0.1478500             188.9254             30.53070
      0.1486200             210.4618             31.00965
      0.1493900             246.3073             31.75372
      0.1501600             265.4109             32.15489
      0.1509299             217.7773             31.16325
      0.1516999             227.9473             31.32081
      0.1524699             238.6318             31.54368
      0.1532399             165.9873             29.94117
      0.1540099             225.1418             31.28427
      0.1547798             267.3473             32.14972
      0.1555498             234.8418             31.36841
      0.1563198             197.5791             30.47330
      0.1570898             199.8882             30.68632
      0.1578598             195.6873             30.61104
      0.1586298             230.9236             31.19771
      0.1593997             215.5618             30.91041
      0.1601697             240.6855             31.47913
      0.1609397             164.9591             29.81972
      0.1617097             183.2173             30.27633
      0.1624797             179.6145             30.09465
      0.1632496             190.6100             30.32301
      0.1640196             161.4355             29.79279
      0.1647896             208.4664             30.82310
      0.1655596             169.5854             30.16331
      0.1663295             182.8791             30.44478
      0.1670995             167.7927             30.06851
      0.1678695             182.3555             30.51430
      0.1686395             172.6027             30.18621
      0.1694095             174.7991             30.32849
      0.1701794             188.5564             30.50255
      0.1709494             136.0245             29.47425
      0.1717194             190.8082             30.58932
      0.1724894             157.2100             29.71700
      0.1732594             140.6736             29.46204
      0.1740293             162.4045             29.89189
      0.1747993             151.0600             29.57265
      0.1755693             161.7863             29.91665
      0.1763393             121.3336             29.04211
      0.1771093             178.9582             30.26083
      0.1778793             115.8609             28.77403
      0.1786492             164.1500             30.16177
      0.1794192             142.6664             29.63674
      0.1801892             121.1454             29.28366
      0.1809592             161.5582             30.08860
      0.1817292             108.3373             28.99296
      0.1824991             109.6064             28.99394
      0.1832691             135.3900             29.59681
      0.1840391             111.2509             28.91912
      0.1848091             125.5136             29.39210
      0.1855790             60.56454             27.77650
      0.1863490             117.7964             29.12906
      0.1871190             91.61090             28.59644
      0.1878890             105.7700             28.82071
      0.1886590             121.6727             29.32157
      0.1894289             117.5136             29.02636
      0.1901989             137.4936             29.70458
      0.1909689             131.3855             29.54902
      0.1917389             81.83817             28.18636
      0.1925089             67.54453             27.99880
      0.1932788             82.30182             28.49321
      0.1940488             93.20453             28.72785
      0.1948188             86.73001             28.43272
      0.1955888             84.41000             28.25005
      0.1963588             83.20453             28.37930
      0.1971288             62.91089             27.86619
      0.1978987             64.52908             27.89279
      0.1986687             57.86911             27.71541
      0.1994387             43.73001             27.32571
      0.2002087             68.03000             28.04230
      0.2009787             43.36545             27.48580
      0.2017486             91.90634             28.70738
      0.2025186             42.35001             27.48295
      0.2032886             44.45819             27.46409
      0.2040586             63.19547             28.01887
      0.2048285             13.02090             26.77390
      0.2055985             61.01001             27.79972
      0.2063685             43.90182             27.51107
      0.2071385             38.95273             27.27418
      0.2079085             27.10272             26.99979
      0.2086784             53.41180             27.83759
      0.2094484             55.72089             27.66608
      0.2102184             31.68542             27.26168
      0.2109884             51.57727             27.60643
      0.2117584             28.86636             27.21031
      0.2125283             34.83545             27.30425
      0.2132983             15.98999             26.81518
      0.2140683             22.73819             27.01591
      0.2148383             40.72726             27.47360
      0.2156083             84.24820             28.54662
      0.2163783             29.37634             27.08088
      0.2171482             63.70093             28.09187
      0.2179182             19.04089             26.90111
      0.2186882             1.288177             26.32965
      0.2194582             18.61270             26.79622
      0.2202282             43.64816             27.37951
      0.2209981           -0.1554565             26.29680
      0.2217681             19.11182             26.77384
      0.2225381             43.06088             27.42105
      0.2233081            -12.28363             26.01611
      0.2240780            -21.50000             25.67055
      0.2248480            -1.700928             26.36434
      0.2256180             8.093628             26.56144
      0.2263880             15.74908             27.02698
      0.2271580            -18.02365             26.08642
      0.2279279             34.05365             27.33833
      0.2286979            -12.70819             26.12185
      0.2294679             25.53906             27.28238
      0.2302379            -26.54907             25.88655
      0.2310079             16.00726             26.94955
      0.2317779             17.76001             26.91178
      0.2325478            -20.50729             26.04979
      0.2333178            -1.094574             26.49475
      0.2340878             11.57455             26.60693
      0.2348578            -7.343658             26.35059
      0.2356278             44.38727             27.68973
      0.2363977             24.05820             27.20890
      0.2371677             40.45999             27.50078
      0.2379377            -2.023651             26.32042
      0.2387077             32.65820             27.37315
      0.2394776             5.055450             26.52863
      0.2402476            -2.249084             26.59828
      0.2410176             16.20364             26.96257
      0.2417876             13.68271             27.01554
      0.2425576             34.46637             27.48307
      0.2433275            -10.11002             26.42248
      0.2440975             35.14365             27.53064
      0.2448675             38.19455             27.49309
      0.2456375             9.260925             26.72142
      0.2464075             14.96729             26.84803
      0.2471774             18.04456             27.17721
      0.2479474             5.230011             26.71539
      0.2487174             26.80179             27.20380
      0.2494874           -0.4036560             26.43840
      0.2502574            -2.021790             26.70745
      0.2510273            -2.516357             26.58979
      0.2517973             14.27179             27.06256
      0.2525673            -5.273651             26.42268
      0.2533373           -0.5627136             26.65590
      0.2541073             4.633636             26.74387
      0.2548773             7.468201             26.75151
      0.2556472             40.53000             27.69569
      0.2564172            -1.871796             26.76682
      0.2571872            -14.38181             26.11675
      0.2579572             14.61819             26.98281
      0.2587271             7.262726             26.89878
      0.2594971             10.68637             27.00346
      0.2602671             11.69092             27.11026
      0.2610371            -19.24728             26.13424
      0.2618071            -1.499084             26.70890
      0.2625771            0.3927307             26.73396
      0.2633470             23.29544             27.45846
      0.2641170            -15.14819             26.22175
      0.2648870             13.63544             27.25787
      0.2656569             8.589081             26.95885
      0.2664269            -1.777283             26.62898
      0.2671970             1.769989             26.97641
      0.2679669             15.26001             27.11778
      0.2687369            -5.605438             26.79441
      0.2695069             8.672729             26.99044
      0.2702768            -61.56363             25.08762
      0.2710468            -17.81543             26.56027
      0.2718168             10.95728             27.28737
      0.2725868             15.35001             27.27283
      0.2733568            -2.309998             26.93815
      0.2741268             17.63907             27.49319
      0.2748967             3.583649             27.14577
      0.2756667             1.027283             27.06808
      0.2764367             35.94363             27.96909
      0.2772067           -0.7982178             27.01737
      0.2779766             8.248199             27.24566
      0.2787466            -9.297272             26.93006
      0.2795166             18.39365             27.69660
      0.2802866            -6.580017             26.77213
      0.2810566             10.07999             27.36149
      0.2818266             16.12634             27.55325
      0.2825965             12.49271             27.67352
      0.2833665             6.786346             27.33747
      0.2841365             19.37363             27.69679
      0.2849064            -2.898193             27.16857
      0.2856764             35.08636             28.05498
      0.2864465             20.94272             27.80500
      0.2872164             3.406342             27.33902
      0.2879864            -5.748199             27.11281
      0.2887564            -38.66635             26.23829
      0.2895263            -6.739075             26.94852
      0.2902963             27.64728             27.99042
      0.2910663             8.172729             27.49168
      0.2918363          0.002716064             27.17458
      0.2926063            -5.904572             26.92461
      0.2933763             10.28091             27.34310
      0.2941462             24.02457             27.73452
      0.2949162             2.622711             27.25848
      0.2956862             8.101807             27.46186
      0.2964562             25.27179             27.86952
      0.2972261             45.11270             28.41331
      0.2979961             12.28906             27.80571
      0.2987661             28.09909             28.18682
      0.2995361            -4.333649             27.28092
      0.3003061             10.35272             27.61687
      0.3010761            -26.92545             26.71776
      0.3018460            -4.106354             27.37702
      0.3026160            0.8672791             27.39201
      0.3033860             6.949066             27.48948
      0.3041559             33.92908             28.36940
      0.3049260             11.07455             27.70041
      0.3056960            -9.404572             27.08094
      0.3064659             20.84271             27.99567
      0.3072359             13.82272             27.78524
      0.3080059            -5.583649             27.47696
      0.3087758             14.34363             27.98460
      0.3095458             14.00821             27.86291
      0.3103158            -11.80637             27.19233
      0.3110858            -1.018219             27.51070
      0.3118558            -34.97635             26.65572
      0.3126258             28.44543             28.16292
      0.3133957            -9.121796             27.08238
      0.3141657            -8.828217             27.03284
      0.3149357            -9.307281             27.11160
      0.3157057             16.05908             27.92220
      0.3164756             15.90457             27.79591
      0.3172456             9.429993             27.75760
      0.3180156             5.193634             27.60037
      0.3187856            -20.61456             27.06431
      0.3195556            -9.943634             27.45438
      0.3203256             46.77820             28.83860
      0.3210955            -4.025452             27.41985
      0.3218655             40.29907             28.61103
      0.3226355             7.051788             27.81043
      0.3234054            -3.639069             27.55142
      0.3241755             38.45819             28.59882
      0.3249454            -29.14001             26.80214
      0.3257154             16.80457             28.04766
      0.3264854            0.5881958             27.62921
      0.3272554             16.80457             28.05484
      0.3280253             15.83545             28.01546
      0.3287953             41.80457             28.69545
      0.3295653             32.39178             28.56160
      0.3303353            0.5881958             27.66510
      0.3311053            -7.189087             27.47911
      0.3318753             9.744568             27.97967
      0.3326452            -5.641815             27.62770
      0.3334152            -26.31729             26.94556
      0.3341852             16.40909             28.19044
      0.3349552            -2.270935             27.83347
      0.3357251            -25.26001             27.20399
      0.3364951             26.26093             28.43227
      0.3372651            -1.790009             27.71459
      0.3380351             24.46362             28.47825
      0.3388051             5.602722             28.04734
      0.3395751             12.05090             28.20108
      0.3403450            -31.91821             27.05606
      0.3411150             14.67999             28.35338
      0.3418850            -40.59821             26.88244
      0.3426549            -10.55637             27.64373
      0.3434249             31.56729             28.75348
      0.3441949            -16.50363             27.59064
      0.3449649             6.624542             28.10660
      0.3457349             15.05728             28.24879
      0.3465049             1.026367             28.04070
      0.3472748            -34.05093             27.05428
      0.3480448             33.54272             29.04930
      0.3488148            -22.85455             27.23984
      0.3495848            -8.673645             27.80087
      0.3503547            -1.225433             27.97668
      0.3511248             26.82092             28.62730
      0.3518947            0.1209106             28.22021
      0.3526647             1.171783             27.97953
      0.3534347            -30.39365             27.35639
      0.3542047            -22.57907             27.36157
      0.3549746            -6.078217             28.01019
      0.3557446             36.25272             29.20714
      0.3565146             24.38544             28.80996
      0.3572845            -24.40271             27.63780
      0.3580546            -15.45364             27.79655
      0.3588246             9.042725             28.62046
      0.3595945             43.36728             29.41808
      0.3603645             23.30545             28.71866
      0.3611345            -5.096375             28.12020
      0.3619044             65.83090             29.95405
      0.3626744            0.8972778             28.33414
      0.3634444            -1.217285             28.09901
      0.3642144             6.540009             28.43322
      0.3649844             30.60181             29.00080
      0.3657544            -11.70728             27.84046
      0.3665243           -0.2127380             28.00299
      0.3672943             27.40543             28.72466
      0.3680643             6.091797             28.33730
      0.3688343             70.51364             29.70618
      0.3696042             2.822723             28.20551
      0.3703743             11.54456             28.48727
      0.3711442            -6.000916             28.03829
      0.3719142             33.35001             29.10767
      0.3726842            -7.160004             27.97138
      0.3734542             6.599091             28.47680
      0.3742241             11.89273             28.54766
      0.3749941            -2.730011             28.25507
      0.3757641             28.80637             28.99228
      0.3765341             17.17273             28.81352
      0.3773041             20.20999             28.99056
      0.3780740            -10.70181             28.09685
      0.3788440             31.62909             29.44552
      0.3796140             41.90729             29.50495
      0.3803840            -4.236359             28.51855
      0.3811539            -32.70001             27.81043
      0.3819239             3.315430             28.70256
      0.3826939             3.558197             28.75984
      0.3834639            -3.808197             28.37294
      0.3842339             39.67273             29.59723
      0.3850039             13.22455             28.98709
      0.3857738            -6.698212             28.49850
      0.3865438             41.94635             29.61376
      0.3873138             7.142700             28.91739
      0.3880838             12.67456             29.25926
      0.3888537            -19.04727             28.34346
      0.3896238             1.890930             28.80590
      0.3903937            -29.78909             28.06660
      0.3911637             10.68091             29.18986
      0.3919337             6.711792             28.98003
      0.3927037            -21.00092             28.15511
      0.3934736            -20.27457             28.20369
      0.3942436             3.250916             28.84545
      0.3950136            -22.88821             28.22770
      0.3957836             15.60635             29.10798
      0.3965536           -0.8836365             28.61563
      0.3973235             11.34821             28.95415
      0.3980935            0.5400085             28.69808
      0.3988635             14.08090             29.12331
      0.3996335            -6.738220             28.64614
      0.4004034            -19.48001             28.23148
      0.4011734             23.68542             29.25572
      0.4019434             18.32999             29.41088
      0.4027134             8.232727             29.00439
      0.4034834             13.83090             29.32869
      0.4042534             12.57727             29.19019
      0.4050233             29.12454             29.55351
      0.4057933             17.09363             29.25919
      0.4065633             11.19543             29.11282
      0.4073333             12.84000             29.19189
      0.4081032           -0.6854553             28.64765
      0.4088733            -11.80908             28.61781
      0.4096432             34.75363             29.56683
      0.4104132            -11.71457             28.52033
      0.4111832            -5.070007             28.77581
      0.4119532             36.82181             29.97895
      0.4127231             1.879089             29.05846
      0.4134931             20.11090             29.56942
      0.4142631             31.95178             29.87163
      0.4150331             20.94272             29.58311
      0.4158031            0.7790833             29.15548
      0.4165730            -23.28909             28.38269
      0.4173430             3.000000             29.15580
      0.4181130             52.49457             30.25318
      0.4188830             9.236359             29.35274
      0.4196529             30.53000             29.94890
      0.4204229             16.03543             29.36495
      0.4211929            -15.71094             28.81787
      0.4219629            -9.339996             28.91137
      0.4227329             5.454559             29.26759
      0.4235029            -23.83002             28.48067
      0.4242728             20.42178             29.61708
      0.4250428            -12.41730             28.87325
      0.4258128             45.06180             30.10607
      0.4265828           0.08178711             29.13704
      0.4273528             48.27820             30.10281
      0.4281228            -26.35544             28.48008
      0.4288927             1.088196             29.25529
      0.4296627             24.75726             29.70660
      0.4304327             22.03091             29.54491
      0.4312027             27.26273             29.83139
      0.4319726             7.388184             29.38211
      0.4327426            -1.307281             29.27041
      0.4335126             8.893646             29.27089
      0.4342826             27.22272             29.81407
      0.4350526            -2.874573             29.13590
      0.4358225             39.05270             30.25703
      0.4365925             39.50092             30.16824
      0.4373625             32.54727             29.99370
      0.4381325            -2.735443             28.98533
      0.4389024             17.29544             29.61879
      0.4396724            -20.57001             28.66835
      0.4404424             27.29544             29.80690
      0.4412124             36.09906             30.11883
      0.4419824             11.89819             29.46082
      0.4427524            -12.01822             28.92398
      0.4435223            -17.52820             28.91261
      0.4442923            -15.67819             28.89856
      0.4450623             21.04819             29.68282
      0.4458323            -2.457275             29.20684
      0.4466023             26.68179             29.88849
      0.4473723             21.61090             29.81629
      0.4481422            -6.775452             28.94194
      0.4489122             2.008209             29.18027
      0.4496822             46.06543             30.38780
      0.4504521             28.91544             29.91748
      0.4512221            -23.71365             28.87758
      0.4519921             13.54907             29.70422
      0.4527621            -14.56821             29.02029
      0.4535321             4.138184             29.47697
      0.4543021            -6.073639             29.11383
      0.4550720             2.643646             29.39736
      0.4558420            -11.16180             29.02034
      0.4566120             16.56454             29.72682
      0.4573820             33.80728             29.96896
      0.4581519            -17.56366             28.78321
      0.4589219             7.570923             29.58558
      0.4596919             18.22635             29.72655
      0.4604619             18.91727             29.83813
      0.4612319             4.020905             29.61011
      0.4620019             39.69180             30.43110
      0.4627718             49.13544             30.61571
      0.4635418             27.16635             30.20409
      0.4643118             3.393646             29.56076
      0.4650818             24.02271             30.17584
      0.4658518             26.54819             30.09191
      0.4666218            -51.17365             28.14349
      0.4673917             40.42456             30.47024
      0.4681617            -3.838196             29.38313
      0.4689317             7.382721             29.66574
      0.4697016             9.742706             29.69619
      0.4704716             9.433624             29.67774
      0.4712416             10.78000             29.77898
      0.4720116             34.71820             30.41742
      0.4727816             34.68729             30.15309
      0.4735516             31.53271             30.19091
      0.4743215             1.645447             29.51266
      0.4750915            -14.43179             29.21989
      0.4758615             36.10455             30.36216
      0.4766315            -16.95273             29.02289
      0.4774014             39.72906             30.47526
      0.4781715            -17.95093             28.99730
      0.4789414             43.72906             30.54654
      0.4797114             27.92545             30.27368
      0.4804814            -6.719086             29.37369
      0.4812514             35.96729             30.49776
      0.4820213             16.75092             29.98574
      0.4827913            -37.40820             28.60879
      0.4835613            -30.59821             29.06067
      0.4843313             8.236359             29.78765
      0.4851013             32.32455             30.49140
      0.4858713            -4.840912             29.53894
