n0 =          240
     0.02388324             414.7682             35.89990
     0.02465323             449.5500             36.53567
     0.02542320             441.3782             36.38512
     0.02619319             427.0100             36.00855
     0.02696316             376.7236             34.95850
     0.02773315             394.4591             35.14780
     0.02850312             396.8809             35.32159
     0.02927311             344.6427             34.26230
     0.03004308             369.2500             34.55774
     0.03081307             410.7027             35.24868
     0.03158304             409.2482             35.24703
     0.03235303             360.7627             34.26571
     0.03312300             397.8073             34.92878
     0.03389299             339.0745             33.86693
     0.03466296             357.2845             34.13005
     0.03543295             391.4700             34.69748
     0.03620292             371.7791             34.24171
     0.03697290             353.0309             33.83574
     0.03774288             385.5873             34.59657
     0.03851286             333.9673             33.31770
     0.03928284             348.1527             33.79412
     0.04005282             340.6891             33.69787
     0.04082280             375.3954             34.18592
     0.04159278             321.1064             33.25414
     0.04236276             395.7709             34.49482
     0.04313274             322.7709             33.33986
     0.04390272             356.5745             33.98606
     0.04467270             311.7691             32.97282
     0.04544269             317.4645             32.91692
     0.04621266             343.7164             33.57008
     0.04698265             373.5218             34.00350
     0.04775262             381.1973             34.26186
     0.04852261             388.7382             34.25675
     0.04929258             337.7073             33.30013
     0.05006257             351.5791             33.63869
     0.05083254             407.4027             34.91315
     0.05160253             286.3827             32.60813
     0.05237250             349.2173             33.72916
     0.05314249             376.2636             34.20684
     0.05391246             381.5327             34.32079
     0.05468245             341.3473             33.36122
     0.05545242             383.7845             34.31842
     0.05622241             383.2682             34.15741
     0.05699238             392.2882             34.26948
     0.05776237             440.2773             35.36100
     0.05853234             385.3809             34.22851
     0.05930233             370.9282             34.04804
     0.06007230             356.6855             33.75597
     0.06084229             371.4073             34.00187
     0.06161226             407.7737             34.65973
     0.06238224             431.4845             35.29509
     0.06315222             408.4227             34.74642
     0.06392220             330.8091             33.17645
     0.06469218             385.2836             34.22976
     0.06546216             399.6391             34.49767
     0.06623214             389.2064             34.37574
     0.06700212             360.1691             33.74592
     0.06777211             456.3127             35.50364
     0.06854208             427.5136             35.08667
     0.06931207             427.6791             34.95684
     0.07008204             437.4055             35.18755
     0.07085203             394.4827             34.31826
     0.07162200             442.8227             35.16726
     0.07239199             437.6682             35.09852
     0.07316196             418.1936             34.86988
     0.07393195             516.7764             36.43795
     0.07470192             456.0237             35.51469
     0.07547191             519.2000             36.57304
     0.07624188             441.8445             35.28996
     0.07701187             407.0255             34.69238
     0.07778184             481.4273             35.99105
     0.07855183             446.2263             35.35472
     0.07932180             451.5509             35.61993
     0.08009179             538.7318             36.94091
     0.08086176             449.0518             35.47068
     0.08163175             452.0409             35.48914
     0.08240172             460.0564             35.51923
     0.08317171             486.7164             36.07490
     0.08394168             441.1536             35.30462
     0.08471167             454.2573             35.60717
     0.08548164             446.4427             35.27704
     0.08625162             511.7827             36.51075
     0.08702160             440.4273             35.28927
     0.08779158             525.4073             36.75263
     0.08856156             523.9528             36.78016
     0.08933155             506.1582             36.39759
     0.09010153             526.9681             36.73909
     0.09087150             533.1227             36.81618
     0.09164147             543.7872             37.14730
     0.09241147             575.3036             37.44336
     0.09318145             534.1073             36.83320
     0.09395142             543.5554             37.09771
     0.09472139             493.2263             36.17960
     0.09549139             518.4227             36.59408
     0.09626137             494.4845             36.40154
     0.09703134             504.6655             36.38773
     0.09780131             540.2327             36.99172
     0.09857132             511.6655             36.68087
     0.09934129             534.0981             36.96753
      0.1001113             517.3036             36.71356
      0.1008812             518.7255             36.56753
      0.1016512             511.7364             36.51075
      0.1024212             450.3654             35.44374
      0.1031912             437.3545             35.11464
      0.1039612             474.6945             35.64114
      0.1047312             537.9000             36.91367
      0.1055011             456.0191             35.59764
      0.1062711             465.8755             35.70506
      0.1070411             421.7627             34.94784
      0.1078111             407.3300             34.68192
      0.1085811             386.4800             34.25738
      0.1093510             396.8927             34.57539
      0.1101210             438.6964             35.40176
      0.1108910             423.0673             35.11214
      0.1116610             410.5882             34.73223
      0.1124309             382.5109             34.13400
      0.1132009             399.6809             34.61429
      0.1139709             398.0100             34.48000
      0.1147409             434.1227             35.08570
      0.1155109             374.2863             34.06171
      0.1162808             359.6682             33.73675
      0.1170508             389.7009             34.27326
      0.1178208             351.5618             33.52487
      0.1185908             344.6236             33.49737
      0.1193608             345.5882             33.40358
      0.1201307             368.2836             34.00865
      0.1209007             348.9636             33.83745
      0.1216707             360.8709             33.88187
      0.1224407             317.4491             32.96737
      0.1232107             332.9854             33.38104
      0.1239807             314.4091             32.95548
      0.1247506             312.0891             32.83835
      0.1255206             347.8973             33.51030
      0.1262906             330.6500             33.31713
      0.1270606             301.9500             32.77401
      0.1278306             272.1709             32.15936
      0.1286005             326.7118             33.13746
      0.1293705             356.0627             33.78846
      0.1301405             323.9345             33.25794
      0.1309105             334.9964             33.54708
      0.1316804             315.0627             32.87766
      0.1324504             274.1400             32.04945
      0.1332204             301.4182             32.68250
      0.1339904             312.1291             32.95122
      0.1347604             299.2991             32.68041
      0.1355303             296.8091             32.48175
      0.1363003             311.2064             32.91050
      0.1370703             316.5527             32.92665
      0.1378403             290.8709             32.39090
      0.1386103             322.9218             33.13937
      0.1393802             301.8600             32.75933
      0.1401502             284.1800             32.29656
      0.1409202             262.4736             31.96941
      0.1416902             259.0255             31.49840
      0.1424602             245.3455             31.46403
      0.1432302             302.7473             32.74770
      0.1440001             316.7627             32.96284
      0.1447701             288.7582             32.43649
      0.1455401             249.8354             31.61240
      0.1463101             241.7445             31.55664
      0.1470800             254.6164             31.84631
      0.1478500             217.9254             31.15503
      0.1486200             245.4618             31.74629
      0.1493900             290.3073             32.64830
      0.1501600             231.4109             31.45255
      0.1509299             198.7773             30.75686
      0.1516999             254.9473             31.88165
      0.1524699             209.6318             30.93116
      0.1532399             237.9873             31.49411
      0.1540099             248.1418             31.76492
      0.1547798             231.3473             31.40478
      0.1555498             227.8418             31.22123
      0.1563198             243.5791             31.44981
      0.1570898             240.8882             31.55704
      0.1578598             212.6873             30.97735
      0.1586298             234.9236             31.28178
      0.1593997             242.5618             31.48068
      0.1601697             257.6855             31.83193
      0.1609397             229.9591             31.23276
      0.1617097             176.2173             30.12173
      0.1624797             182.6145             30.16078
      0.1632496             267.6100             31.94582
      0.1640196             203.4355             30.71567
      0.1647896             243.4664             31.56171
      0.1655596             262.5854             32.14334
      0.1663295             197.8791             30.77165
      0.1670995             230.7927             31.42779
      0.1678695             188.3555             30.64523
      0.1686395             216.6027             31.13844
      0.1694095             174.7991             30.32849
      0.1701794             175.5564             30.21791
      0.1709494             203.0245             30.96211
      0.1717194             204.8082             30.89168
      0.1724894             217.2100             31.02684
      0.1732594             163.6736             29.98186
      0.1740293             161.4045             29.86947
      0.1747993             176.0600             30.13144
      0.1755693             189.7863             30.53542
      0.1763393             186.3336             30.50887
      0.1771093             209.9582             30.93197
      0.1778793             225.8609             31.21063
      0.1786492             159.1500             30.05024
      0.1794192             147.6664             29.74997
      0.1801892             146.1454             29.85695
      0.1809592             156.5582             29.97697
      0.1817292             152.3373             30.00372
      0.1824991             132.6064             29.52642
      0.1832691             172.3900             30.42471
      0.1840391             125.2509             29.24410
      0.1848091             169.5136             30.38317
      0.1855790             142.5645             29.71996
      0.1863490             154.7964             29.97318
      0.1871190             137.6109             29.67033
      0.1878890             129.7700             29.37965
      0.1886590             162.6727             30.25119
      0.1894289             125.5136             29.21145
      0.1901989             138.4936             29.72730
      0.1909689             118.3855             29.24966
      0.1917389             170.8382             30.23801
      0.1925089             155.5445             30.05943
      0.1932788             100.3018             28.92426
      0.1940488             132.2045             29.63874
      0.1948188             127.7300             29.39668
      0.1955888             101.4100             28.65644
      0.1963588             128.2045             29.43852
      0.1971288             84.91089             28.40298
      0.1978987             69.52908             28.01588
      0.1986687             83.86911             28.35286
      0.1994387             133.7300             29.48870
      0.2002087             123.0300             29.35023
      0.2009787             103.3654             28.94884
      0.2017486             65.90634             28.07746
      0.2025186             66.35001             28.08152
      0.2032886             65.45819             27.98750
      0.2040586             81.19547             28.45805
      0.2048285             82.02090             28.50814
      0.2055985             65.01001             27.89838
      0.2063685             32.90182             27.23130
      0.2071385             44.95273             27.42629
      0.2079085             72.10272             28.12878
      0.2086784            -2.588196             26.38678
      0.2094484             88.72089             28.47183
      0.2102184             5.685425             26.58298
      0.2109884             39.57727             27.30415
      0.2117584             40.86636             27.51651
      0.2125283             52.83545             27.75827
      0.2132983          -0.01000977             26.39175
      0.2140683             64.73819             28.07426
      0.2148383             13.72726             26.77774
      0.2156083             24.24820             27.05303
      0.2163783             35.37634             27.23458
      0.2171482             54.70093             27.86895
      0.2179182             25.04089             27.05708
      0.2186882             32.28818             27.14170
      0.2194582             59.61270             27.83934
      0.2202282             17.64816             26.70987
      0.2209981             24.84454             26.95617
      0.2217681            -2.888184             26.18913
      0.2225381             23.06088             26.90802
      0.2233081             31.71637             27.17939
      0.2240780            -17.50000             25.78082
      0.2248480            0.2990723             26.41794
      0.2256180            -11.90637             26.02533
      0.2263880             7.749084             26.81703
      0.2271580             35.97635             27.50847
      0.2279279            -6.946350             26.26562
      0.2286979            -2.708191             26.39066
      0.2294679            -1.460938             26.57612
      0.2302379           -0.5490723             26.59274
      0.2310079            -27.99274             25.76623
      0.2317779            -12.23999             26.11549
      0.2325478            -11.50729             26.29474
      0.2333178             42.90543             27.63132
      0.2340878             12.57455             26.63311
      0.2348578            -4.343658             26.43129
      0.2356278             34.38727             27.43622
      0.2363977             2.058197             26.63228
      0.2371677             7.459991             26.64794
      0.2379377             6.976349             26.55943
      0.2387077            -36.34180             25.53339
      0.2394776             10.05545             26.65994
      0.2402476            -10.24908             26.38385
      0.2410176            -5.796356             26.38113
      0.2417876            -8.317291             26.43165
      0.2425576            -14.53363             26.19553
      0.2433275            -38.11002             25.65163
      0.2440975            -7.856354             26.41168
      0.2448675           -0.8054504             26.48375
      0.2456375             3.260925             26.56331
      0.2464075            -28.03271             25.69413
      0.2471774            -13.95544             26.32899
      0.2479474            -15.76999             26.15287
      0.2487174            -4.198212             26.39175
      0.2494874            -12.40366             26.11675
      0.2502574             26.97821             27.46397
      0.2510273            -1.516357             26.61639
      0.2517973             12.27179             27.01043
      0.2525673             15.72635             26.97499
      0.2533373            -23.56271             26.03532
      0.2541073             21.63364             27.18609
      0.2548773            -16.53180             26.11091
      0.2556472            -5.470001             26.50423
      0.2564172            -7.871796             26.60669
      0.2571872             8.618195             26.72848
      0.2579572            -23.38181             25.96973
      0.2587271             50.26273             27.99424
      0.2594971             24.68637             27.36447
      0.2602671             59.69092             28.32146
      0.2610371             12.75272             26.98485
      0.2618071            -36.49908             25.75881
      0.2625771            -2.607269             26.65463
      0.2633470             35.29544             27.76268
      0.2641170             3.851807             26.72708
      0.2648870             32.63544             27.74365
      0.2656569             8.589081             26.95885
      0.2664269            -16.77728             26.22778
      0.2671970            -4.230011             26.81808
      0.2679669             1.260010             26.75336
      0.2687369            -17.60544             26.47369
      0.2695069           -0.3272705             26.75506
      0.2702768             11.43637             27.07735
      0.2710468            -3.815430             26.93286
      0.2718168            -3.042725             26.92196
      0.2725868            -3.649994             26.77924
      0.2733568            -1.309998             26.96441
      0.2741268            -5.360931             26.89647
      0.2748967            -2.416351             26.98938
      0.2756667            -8.972717             26.80600
      0.2764367            -16.05637             26.62744
      0.2772067             29.20178             27.78599
      0.2779766            -25.75180             26.34693
      0.2787466             5.702728             27.32184
      0.2795166            -12.60635             26.89225
      0.2802866            -14.58002             26.56102
      0.2810566            -12.92001             26.76234
      0.2818266            -2.873657             27.06361
      0.2825965            -8.507294             27.12943
      0.2833665             30.78635             27.94596
      0.2841365            -16.62637             26.76200
      0.2849064            -7.898193             27.03798
      0.2856764             22.08636             27.73018
      0.2864465             11.94272             27.57698
      0.2872164            0.4063416             27.26150
      0.2879864             18.25180             27.72928
      0.2887564           -0.6663513             27.25136
      0.2895263             23.26093             27.71917
      0.2902963             57.64728             28.72864
      0.2910663            -27.82727             26.54270
      0.2918363            -21.99728             26.59396
      0.2926063            -21.90457             26.50059
      0.2933763             8.280914             27.29173
      0.2941462             62.02457             28.66743
      0.2949162             4.622711             27.31005
      0.2956862             16.10181             27.66599
      0.2964562            -10.72821             26.94466
      0.2972261             2.112701             27.33318
      0.2979961             15.28906             27.88181
      0.2987661             13.09909             27.81015
      0.2995361             18.66635             27.86822
      0.3003061            -21.64728             26.78712
      0.3010761             30.07455             28.18177
      0.3018460             31.89365             28.28756
      0.3026160             23.86728             27.97552
      0.3033860             30.94907             28.09410
      0.3041559            -19.07092             27.01539
      0.3049260            -23.92545             26.79222
      0.3056960             14.59543             27.69580
      0.3064659             1.842712             27.51427
      0.3072359             29.82272             28.18476
      0.3080059             22.41635             28.18691
      0.3087758             4.343628             27.73109
      0.3095458            -24.99179             26.85357
      0.3103158             20.19363             28.01007
      0.3110858             29.98178             28.29322
      0.3118558           -0.9763489             27.55070
      0.3126258             6.445435             27.60939
      0.3133957             8.878204             27.54594
      0.3141657            -9.828217             27.00675
      0.3149357             39.69272             28.34885
      0.3157057            -3.940918             27.41184
      0.3164756            -9.095428             27.15585
      0.3172456            -21.57001             26.95325
      0.3180156             23.19363             28.05439
      0.3187856             12.38544             27.91487
      0.3195556             10.05637             27.96607
      0.3203256            -35.22180             26.75422
      0.3210955             17.97455             27.97692
      0.3218655            -8.700928             27.38315
      0.3226355            -12.94821             27.29740
      0.3234054             43.36093             28.72326
      0.3241755             16.45819             28.05486
      0.3249454            -5.140015             27.43120
      0.3257154             2.804565             27.69455
      0.3264854            -5.411804             27.47551
      0.3272554            -9.195435             27.39392
      0.3280253             25.83545             28.26423
      0.3287953            -4.195435             27.54784
      0.3295653             27.39178             28.43851
      0.3303353            -8.411804             27.43410
      0.3311053             11.81091             27.96174
      0.3318753             4.744568             27.85364
      0.3326452             4.358185             27.88220
      0.3334152             11.68271             27.92183
      0.3341852            -39.59091             26.74157
      0.3349552            -4.270935             27.78237
      0.3357251             25.73999             28.50009
      0.3364951            -14.73907             27.39849
      0.3372651             6.209991             27.91688
      0.3380351            -12.53638             27.54892
      0.3388051             34.60272             28.76312
      0.3395751           -0.9490967             27.87423
      0.3403450            -29.91821             27.10884
      0.3411150             5.679993             28.12852
      0.3418850            -25.59821             27.27913
      0.3426549             6.443634             28.07444
      0.3434249            -5.432709             27.83340
      0.3441949             22.49637             28.57023
      0.3449649             11.62454             28.23137
      0.3457349            -7.942719             27.67047
      0.3465049            -37.97363             27.03136
      0.3472748             13.94907             28.28284
      0.3480448             7.542725             28.41031
      0.3488148             15.14545             28.20346
      0.3495848             11.32635             28.30407
      0.3503547             13.77457             28.35193
      0.3511248            -10.17908             27.70378
      0.3518947            -15.87909             27.81352
      0.3526647            -19.82822             27.44400
      0.3534347             23.60635             28.71916
      0.3542047           -0.5790710             27.92224
      0.3549746          -0.07821655             28.16113
      0.3557446            -31.74728             27.50986
      0.3565146             18.38544             28.66339
      0.3572845            -13.40271             27.92013
      0.3580546             18.54636             28.64568
      0.3588246            -6.957275             28.22194
      0.3595945             28.36728             29.05950
      0.3603645            -14.69455             27.77545
      0.3611345            -27.09637             27.56026
      0.3619044            -4.169098             28.26872
      0.3626744            -3.102722             28.23402
      0.3634444             5.782715             28.27390
      0.3642144            -13.45999             27.92939
      0.3649844            -5.398193             28.11163
      0.3657544            0.2927246             28.14351
      0.3665243             28.78726             28.71790
      0.3672943            -37.59457             27.08069
      0.3680643            -11.90820             27.88443
      0.3688343             20.51364             28.51658
      0.3696042            -12.17728             27.82645
      0.3703743             7.544556             28.38801
      0.3711442             18.99908             28.65988
      0.3719142            -13.64999             27.94447
      0.3726842            -11.16000             27.87010
      0.3734542             18.59909             28.77170
      0.3742241            -3.107269             28.17520
      0.3749941            -37.73001             27.36004
      0.3757641             23.80637             28.87165
      0.3765341            -16.82727             27.96755
      0.3773041             49.20999             29.68152
      0.3780740            -20.70181             27.84399
      0.3788440            -8.370911             28.46935
      0.3796140             12.90729             28.81003
      0.3803840             29.76364             29.34627
      0.3811539            -15.70001             28.24337
      0.3819239             17.31543             29.04413
      0.3826939             3.558197             28.75984
      0.3834639             20.19180             28.95994
      0.3842339             7.672729             28.83084
      0.3850039            -7.775452             28.47194
      0.3857738             4.301788             28.76964
      0.3865438            -28.05365             27.90445
      0.3873138            -10.85730             28.47396
      0.3880838             6.674561             29.11374
      0.3888537            -12.04727             28.51857
      0.3896238            -49.10907             27.51645
      0.3903937            -5.789093             28.66818
      0.3911637            -47.31909             27.73708
      0.3919337            -18.28821             28.36376
      0.3927037            -5.000916             28.55413
      0.3934736             14.72543             29.06657
      0.3942436             17.25092             29.18541
      0.3950136            -40.88821             27.76718
      0.3957836            -37.39365             27.78638
      0.3965536            -26.88364             27.96473
      0.3973235             2.348206             28.73444
      0.3980935            -5.459991             28.55028
      0.3988635             49.08090             29.95259
      0.3996335             9.261780             29.03840
      0.4004034             23.51999             29.28406
      0.4011734             7.685425             28.87080
      0.4019434             17.32999             29.38689
      0.4027134             49.23273             29.97481
      0.4034834            -16.16910             28.59402
      0.4042534             2.577271             28.94736
      0.4050233            -6.875458             28.68427
      0.4057933            -8.906372             28.62629
      0.4065633             5.195435             28.96713
      0.4073333             16.84000             29.28823
      0.4081032             10.31454             28.91555
      0.4088733             19.19092             29.37381
      0.4096432           -0.2463684             28.72808
      0.4104132            -10.71457             28.54507
      0.4111832             14.92999             29.26091
      0.4119532             19.82181             29.57757
      0.4127231             14.87909             29.37211
      0.4134931            -21.88910             28.54440
      0.4142631            -11.04822             28.83749
      0.4150331             65.94272             30.62403
      0.4158031             55.77908             30.44600
      0.4165730             21.71091             29.47642
      0.4173430            -35.00000             28.21606
      0.4181130             3.494568             29.10101
      0.4188830             10.23636             29.37675
      0.4196529             30.53000             29.94890
      0.4204229             5.035431             29.10109
      0.4211929            -9.710938             28.96550
      0.4219629             15.66000             29.51529
      0.4227329            -18.54544             28.68199
      0.4235029            -3.830017             28.97397
      0.4242728            -19.57822             28.64553
      0.4250428            -19.41730             28.70029
      0.4258128            -3.938202             28.94487
      0.4265828            -18.91821             28.67039
      0.4273528             18.27820             29.40182
      0.4281228            -23.35544             28.55504
      0.4288927             25.08820             29.82807
      0.4296627            -8.242737             28.91306
      0.4304327            -13.96909             28.67567
      0.4312027             2.262726             29.23508
      0.4319726             1.388184             29.23778
      0.4327426             12.69272             29.60643
      0.4335126             27.89365             29.72050
      0.4342826             29.22272             29.86095
      0.4350526            -16.87457             28.79351
      0.4358225             1.052704             29.35816
      0.4365925             20.50092             29.72359
      0.4373625           -0.4527283             29.20918
      0.4381325             45.26456             30.11837
      0.4389024             37.29544             30.08762
      0.4396724            -4.570007             29.06061
      0.4404424             5.295441             29.28482
      0.4412124           0.09906006             29.26537
      0.4419824             16.89819             29.57980
      0.4427524             33.98178             30.02084
      0.4435223             8.471802             29.54327
      0.4442923            -9.678192             29.04565
      0.4450623           0.04818726             29.18136
      0.4458323            -37.45728             28.33973
      0.4466023            0.6817932             29.26937
      0.4473723             31.61090             30.05044
      0.4481422             17.22455             29.51735
      0.4489122             2.008209             29.18027
      0.4496822             15.06543             29.66618
      0.4504521             25.91544             29.84735
      0.4512221            -8.713654             29.24642
      0.4519921             24.54907             29.96393
      0.4527621            -37.56821             28.44915
      0.4535321            -16.86182             28.96790
      0.4543021            -22.07364             28.72205
      0.4550720            -19.35635             28.86310
      0.4558420            -47.16180             28.12123
      0.4566120             35.56454             30.17197
      0.4573820            -14.19272             28.82438
      0.4581519             42.43634             30.20937
      0.4589219             29.57092             30.10417
      0.4596919            -20.77365             28.78758
      0.4604619             22.91727             29.93200
      0.4612319             8.020905             29.70546
      0.4620019             36.69180             30.36216
      0.4627718           -0.8645630             29.44965
      0.4635418             27.16635             30.20409
      0.4643118            -10.60635             29.22435
      0.4650818             57.02271             30.93104
      0.4658518            -2.451813             29.40714
      0.4666218             31.82635             30.15538
      0.4673917             16.42456             29.91370
      0.4681617             7.161804             29.64578
      0.4689317           -0.6172791             29.47483
      0.4697016             25.74271             30.07249
      0.4704716             5.433624             29.58261
      0.4712416             25.78000             30.13079
      0.4720116             2.718201             29.66721
      0.4727816             12.68729             29.64018
      0.4735516             7.532715             29.62891
      0.4743215            -39.35455             28.50786
      0.4750915             17.56821             29.98540
      0.4758615            -8.895447             29.30058
      0.4766315             34.04727             30.23425
      0.4774014            -10.27094             29.29891
      0.4781715             2.049072             29.47958
      0.4789414             41.72906             30.50089
      0.4797114             5.925446             29.75796
      0.4804814             12.28091             29.82635
      0.4812514            -3.032715             29.58388
      0.4820213            -8.249084             29.39212
      0.4827913            -21.40820             29.00342
      0.4835613           -0.5982056             29.78754
      0.4843313             16.23636             29.97559
      0.4851013             25.32455             30.33004
      0.4858713             48.15909             30.77167
