n0 =          240
     0.02388324             353.7682             34.79223
     0.02465323             351.5500             34.77123
     0.02542320             330.3782             34.36324
     0.02619319             374.0100             35.05061
     0.02696316             354.7236             34.55024
     0.02773315             358.4591             34.48336
     0.02850312             291.8809             33.33659
     0.02927311             302.6427             33.45571
     0.03004308             305.2500             33.33920
     0.03081307             322.7027             33.60584
     0.03158304             315.2482             33.48467
     0.03235303             282.7627             32.75837
     0.03312300             257.8073             32.22681
     0.03389299             301.0745             33.12952
     0.03466296             293.2845             32.89065
     0.03543295             293.4700             32.82272
     0.03620292             331.7791             33.48189
     0.03697290             266.0309             32.12791
     0.03774288             302.5873             33.00847
     0.03851286             294.9673             32.55364
     0.03928284             293.1527             32.72141
     0.04005282             295.6891             32.81893
     0.04082280             295.3954             32.64335
     0.04159278             261.1064             32.05667
     0.04236276             313.7709             32.93442
     0.04313274             303.7709             32.96709
     0.04390272             304.5745             32.97839
     0.04467270             285.7691             32.45569
     0.04544269             334.4645             33.24816
     0.04621266             269.7164             32.10461
     0.04698265             257.5218             31.72452
     0.04775262             318.1973             33.05667
     0.04852261             376.7382             34.03252
     0.04929258             310.7073             32.77362
     0.05006257             272.5791             32.08446
     0.05083254             293.4027             32.73020
     0.05160253             332.3827             33.51531
     0.05237250             327.2173             33.30449
     0.05314249             322.2636             33.17276
     0.05391246             315.5327             33.05771
     0.05468245             313.3473             32.81706
     0.05545242             325.7845             33.21256
     0.05622241             343.2682             33.39869
     0.05699238             339.2882             33.26518
     0.05776237             346.2773             33.61213
     0.05853234             324.3809             33.06330
     0.05930233             330.9282             33.28268
     0.06007230             303.6855             32.72543
     0.06084229             320.4073             33.02201
     0.06161226             297.7737             32.55658
     0.06238224             337.4845             33.53767
     0.06315222             323.4227             33.13645
     0.06392220             325.8091             33.07910
     0.06469218             340.2836             33.37587
     0.06546216             311.6391             32.81810
     0.06623214             332.2064             33.29250
     0.06700212             302.1691             32.61768
     0.06777211             343.3127             33.40876
     0.06854208             341.5136             33.47558
     0.06931207             399.6791             34.44321
     0.07008204             349.4055             33.54928
     0.07085203             375.4827             33.96260
     0.07162200             331.8227             33.09084
     0.07239199             385.6682             34.14260
     0.07316196             361.1936             33.80569
     0.07393195             380.7764             33.99612
     0.07470192             398.0237             34.45908
     0.07547191             346.2000             33.43544
     0.07624188             374.8445             34.05691
     0.07701187             334.0255             33.31382
     0.07778184             384.4273             34.23492
     0.07855183             368.2263             33.91861
     0.07932180             399.5509             34.67418
     0.08009179             386.7318             34.24067
     0.08086176             372.0518             34.05730
     0.08163175             381.0409             34.19033
     0.08240172             434.0564             35.05315
     0.08317171             410.7164             34.71388
     0.08394168             435.1536             35.19637
     0.08471167             414.2573             34.88400
     0.08548164             439.4427             35.15120
     0.08625162             398.7827             34.49351
     0.08702160             431.4273             35.12673
     0.08779158             378.4073             34.12389
     0.08856156             364.9527             33.91973
     0.08933155             393.1582             34.37128
     0.09010153             405.9682             34.59385
     0.09087150             363.1227             33.76421
     0.09164147             443.7873             35.40361
     0.09241147             419.3036             34.72966
     0.09318145             441.1073             35.20621
     0.09395142             408.5555             34.71729
     0.09472139             398.2263             34.47420
     0.09549139             391.4227             34.32798
     0.09626137             402.4845             34.75376
     0.09703134             397.6655             34.47530
     0.09780131             380.2327             34.14721
     0.09857132             371.6655             34.16219
     0.09934129             418.0982             34.92578
      0.1001113             398.3036             34.59312
      0.1008812             377.7255             34.03656
      0.1016512             341.7364             33.41647
      0.1024212             364.3654             33.86022
      0.1031912             373.3545             33.93402
      0.1039612             371.6945             33.76265
      0.1047312             392.9000             34.33723
      0.1055011             279.0191             32.23745
      0.1062711             337.8755             33.33728
      0.1070411             373.7627             34.05883
      0.1078111             361.3300             33.82226
      0.1085811             305.4800             32.70187
      0.1093510             330.8927             33.32508
      0.1101210             389.6964             34.50493
      0.1108910             289.0673             32.55474
      0.1116610             334.5882             33.30054
      0.1124309             404.5109             34.54226
      0.1132009             358.6809             33.84567
      0.1139709             324.0100             33.07297
      0.1147409             334.1227             33.21334
      0.1155109             331.2863             33.23743
      0.1162808             372.6682             33.98340
      0.1170508             315.7009             32.85801
      0.1178208             350.5618             33.50573
      0.1185908             284.6236             32.31672
      0.1193608             315.5882             32.82099
      0.1201307             334.2836             33.35812
      0.1209007             331.9636             33.50943
      0.1216707             284.8709             32.39532
      0.1224407             298.4491             32.59198
      0.1232107             292.9854             32.59406
      0.1239807             253.4091             31.72871
      0.1247506             295.0891             32.50169
      0.1255206             321.8973             33.00692
      0.1262906             266.6500             32.04282
      0.1270606             276.9500             32.27338
      0.1278306             238.1709             31.45822
      0.1286005             311.7118             32.84362
      0.1293705             323.0627             33.15215
      0.1301405             266.9345             32.12173
      0.1309105             289.9964             32.66204
      0.1316804             323.0627             33.03432
      0.1324504             315.1400             32.86792
      0.1332204             295.4182             32.56308
      0.1339904             262.1291             31.94618
      0.1347604             298.2991             32.66050
      0.1355303             232.8091             31.17050
      0.1363003             296.2064             32.61298
      0.1370703             217.5527             30.90494
      0.1378403             243.8709             31.43012
      0.1386103             270.9218             32.10081
      0.1393802             261.8600             31.95077
      0.1401502             250.1800             31.60131
      0.1409202             251.4736             31.74250
      0.1416902             280.0255             31.92690
      0.1424602             279.3455             32.16162
      0.1432302             276.7473             32.22600
      0.1440001             241.7627             31.44442
      0.1447701             232.7582             31.28634
      0.1455401             222.8354             31.04616
      0.1463101             236.7445             31.45234
      0.1470800             258.6164             31.92844
      0.1478500             267.9254             32.19423
      0.1486200             212.4618             31.05236
      0.1493900             245.3073             31.73301
      0.1501600             231.4109             31.45255
      0.1509299             249.7773             31.83231
      0.1516999             255.9473             31.90218
      0.1524699             182.6318             30.34610
      0.1532399             265.9873             32.07150
      0.1540099             200.1418             30.75050
      0.1547798             191.3473             30.54872
      0.1555498             231.8418             31.30545
      0.1563198             210.5791             30.75341
      0.1570898             201.8882             30.72956
      0.1578598             188.6873             30.45851
      0.1586298             158.9236             29.63010
      0.1593997             221.5618             31.03833
      0.1601697             189.6855             30.38804
      0.1609397             186.9591             30.30779
      0.1617097             177.2173             30.14388
      0.1624797             141.6145             29.23964
      0.1632496             183.6100             30.16974
      0.1640196             194.4355             30.52102
      0.1647896             179.4664             30.19291
      0.1655596             176.5854             30.31837
      0.1663295             166.8791             30.09087
      0.1670995             207.7927             30.94071
      0.1678695             182.3555             30.51430
      0.1686395             139.6027             29.44486
      0.1694095             148.7991             29.74822
      0.1701794             153.5564             29.72791
      0.1709494             171.0245             30.26373
      0.1717194             185.8082             30.48036
      0.1724894             168.2100             29.96284
      0.1732594             172.6736             30.18201
      0.1740293             189.4045             30.48885
      0.1747993             153.0600             29.61788
      0.1755693             156.7863             29.80433
      0.1763393             128.3336             29.20485
      0.1771093             153.9582             29.70482
      0.1778793             135.8609             29.23730
      0.1786492             105.1500             28.80828
      0.1794192             119.6664             29.10821
      0.1801892             158.1454             30.12691
      0.1809592             111.5582             28.94593
      0.1817292             110.3373             29.03994
      0.1824991             105.6064             28.89997
      0.1832691             133.3900             29.55116
      0.1840391             124.2509             29.22105
      0.1848091             142.5136             29.78028
      0.1855790             143.5645             29.74261
      0.1863490             165.7964             30.21805
      0.1871190             110.6109             29.04656
      0.1878890             144.7700             29.72181
      0.1886590             137.6727             29.68903
      0.1894289             122.5136             29.14223
      0.1901989             64.49362             27.97772
      0.1909689             101.3855             28.85181
      0.1917389             145.8382             29.68090
      0.1925089             105.5445             28.91316
      0.1932788             110.3018             29.15996
      0.1940488             99.20453             28.87055
      0.1948188             39.73001             27.26953
      0.1955888             67.41000             27.83551
      0.1963588             76.20453             28.20962
      0.1971288             81.91089             28.33060
      0.1978987             94.52908             28.62051
      0.1986687             61.86911             27.81479
      0.1994387             51.73001             27.52749
      0.2002087             70.03000             28.09133
      0.2009787             37.36545             27.33350
      0.2017486             38.90634             27.40194
      0.2025186             56.35001             27.83428
      0.2032886             13.45819             26.66510
      0.2040586             54.19547             27.79567
      0.2048285             48.02090             27.67246
      0.2055985             7.010010             26.41742
      0.2063685             19.90182             26.89541
      0.2071385             50.95273             27.57724
      0.2079085             39.10272             27.30719
      0.2086784             46.41180             27.66204
      0.2094484             16.72089             26.67000
      0.2102184             7.685425             26.63605
      0.2109884             55.57727             27.70618
      0.2117584             30.86636             27.26168
      0.2125283             51.83545             27.73332
      0.2132983             9.989990             26.65750
      0.2140683             12.73819             26.75527
      0.2148383             36.72726             27.37207
      0.2156083             31.24820             27.23318
      0.2163783             20.37634             26.84803
      0.2171482             36.70093             27.41550
      0.2179182             10.04089             26.66476
      0.2186882             11.28818             26.59541
      0.2194582            -7.387299             26.10419
      0.2202282             13.64816             26.60475
      0.2209981             19.84454             26.82611
      0.2217681            -31.88818             25.38891
      0.2225381            -10.93912             26.00294
      0.2233081             11.71637             26.65947
      0.2240780             15.50000             26.66619
      0.2248480             31.29907             27.22999
      0.2256180             24.09363             26.97963
      0.2263880             15.74908             27.02698
      0.2271580             11.97635             26.88954
      0.2279279             11.05365             26.74400
      0.2286979             31.29181             27.27708
      0.2294679            -10.46094             26.33471
      0.2302379             12.45093             26.93605
      0.2310079            -8.992737             26.28649
      0.2317779            -3.239990             26.35794
      0.2325478            -18.50729             26.10451
      0.2333178            -13.09457             26.17264
      0.2340878             2.574554             26.36959
      0.2348578            -40.34366             25.43855
      0.2356278             2.387268             26.60196
      0.2363977             29.05820             27.33757
      0.2371677             7.459991             26.64794
      0.2379377             34.97635             27.28444
      0.2387077             17.65820             26.98813
      0.2394776            -9.944550             26.12914
      0.2402476             24.75092             27.30453
      0.2410176             3.203644             26.62115
      0.2417876            -25.31729             25.96755
      0.2425576            -19.53363             26.05904
      0.2433275            -7.110016             26.50318
      0.2440975             35.14365             27.53064
      0.2448675             31.19455             27.31575
      0.2456375             2.260925             26.53683
      0.2464075             2.967285             26.53310
      0.2471774             26.04456             27.38350
      0.2479474            -22.76999             25.96149
      0.2487174             10.80179             26.78899
      0.2494874             21.59634             27.01423
      0.2502574             20.97821             27.30988
      0.2510273            -29.51636             25.85697
      0.2517973             26.27179             27.37241
      0.2525673            -14.27365             26.18093
      0.2533373             1.437286             26.70890
      0.2541073             1.633636             26.66476
      0.2548773             4.468201             26.67262
      0.2556472             3.529999             26.74324
      0.2564172           -0.8717957             26.79338
      0.2571872            0.6181946             26.51795
      0.2579572            0.6181946             26.61589
      0.2587271             13.26273             27.05538
      0.2594971            -8.313629             26.50237
      0.2602671             38.69092             27.80063
      0.2610371             35.75272             27.57369
      0.2618071            -13.49908             26.38863
      0.2625771             34.39273             27.61090
      0.2633470            -10.70456             26.56961
      0.2641170            -3.148193             26.54248
      0.2648870             1.635437             26.94466
      0.2656569             15.58908             27.14044
      0.2664269             20.22272             27.20246
      0.2671970            0.7699890             26.95011
      0.2679669            -9.739990             26.46205
      0.2687369            0.3945618             26.95275
      0.2695069             7.672729             26.96443
      0.2702768             12.43637             27.10318
      0.2710468             9.184570             27.27240
      0.2718168             26.95728             27.69671
      0.2725868             10.35001             27.14416
      0.2733568            -2.309998             26.93815
      0.2741268             36.63907             27.97274
      0.2748967             17.58365             27.50583
      0.2756667             44.02728             28.15649
      0.2764367             24.94363             27.69287
      0.2772067            -16.79822             26.59453
      0.2779766            -6.751801             26.85441
      0.2787466            -39.29727             26.12112
      0.2795166             10.39365             27.49221
      0.2802866            -12.58002             26.61402
      0.2810566             2.079987             27.15520
      0.2818266            -24.87366             26.48055
      0.2825965            -24.50729             26.70421
      0.2833665             21.78635             27.71997
      0.2841365             5.373627             27.33862
      0.2849064            -16.89819             26.80064
      0.2856764            -3.913635             27.06407
      0.2864465             44.94272             28.40061
      0.2872164             16.40634             27.67138
      0.2879864            -19.74820             26.74386
      0.2887564             12.33365             27.58592
      0.2895263             17.26093             27.56745
      0.2902963            -10.35272             27.01414
      0.2910663             22.17273             27.84845
      0.2918363             25.00272             27.81381
      0.2926063             11.09543             27.36505
      0.2933763            -3.719086             26.98064
      0.2941462            -21.97543             26.54305
      0.2949162            -4.377289             27.07689
      0.2956862             12.10181             27.56419
      0.2964562            -56.72821             25.69290
      0.2972261             2.112701             27.33318
      0.2979961             3.289063             27.57562
      0.2987661             15.09909             27.86079
      0.2995361            -3.333649             27.30682
      0.3003061             8.352722             27.56604
      0.3010761            -9.925446             27.16609
      0.3018460             7.893646             27.68522
      0.3026160             22.86728             27.95050
      0.3033860             24.94907             27.94466
      0.3041559             6.929077             27.69133
      0.3049260            -3.925446             27.31641
      0.3056960             22.59543             27.89655
      0.3064659            -26.15729             26.78235
      0.3072359             11.82272             27.73473
      0.3080059            -7.583649             27.42525
      0.3087758             52.34363             28.91978
      0.3095458            -6.991791             27.32598
      0.3103158             26.19363             28.15970
      0.3110858            -28.01822             26.80250
      0.3118558             9.023651             27.80620
      0.3126258             4.445435             27.55830
      0.3133957            -10.12180             27.05630
      0.3141657            -24.82822             26.61117
      0.3149357             12.69272             27.67669
      0.3157057            -11.94092             27.20389
      0.3164756             28.90457             28.12072
      0.3172456            -22.57001             26.92673
      0.3180156             2.193634             27.52368
      0.3187856             15.38544             27.99039
      0.3195556             26.05637             28.36609
      0.3203256            -36.22180             26.72736
      0.3210955             24.97455             28.15094
      0.3218655            -4.700928             27.48629
      0.3226355             28.05179             28.33515
      0.3234054            -18.63907             27.16228
      0.3241755             1.458191             27.67530
      0.3249454             29.85999             28.31361
      0.3257154             26.80457             28.29612
      0.3264854            -2.411804             27.55251
      0.3272554            -3.195435             27.54843
      0.3280253            -24.16455             26.98778
      0.3287953             6.804565             27.82834
      0.3295653             17.39178             28.19005
      0.3303353             17.58820             28.09417
      0.3311053            -10.18909             27.40180
      0.3318753             29.74457             28.47600
      0.3326452            0.3581848             27.78080
      0.3334152            -9.317291             27.38838
      0.3341852            -11.59091             27.47958
      0.3349552            -10.27094             27.62827
      0.3357251             15.73999             28.25255
      0.3364951             9.260925             28.01014
      0.3372651             14.20999             28.11714
      0.3380351             12.46362             28.18156
      0.3388051            -19.39728             27.40895
      0.3395751             12.05090             28.20108
      0.3403450            -10.91821             27.60309
      0.3411150             41.67999             29.01338
      0.3418850             24.40179             28.54570
      0.3426549            -1.556366             27.87292
      0.3434249            -26.43271             27.29149
      0.3441949            -29.50363             27.25294
      0.3449649             11.62454             28.23137
      0.3457349             17.05728             28.29830
      0.3465049             20.02637             28.51426
      0.3472748            -26.05093             27.26452
      0.3480448             1.542725             28.25993
      0.3488148             28.14545             28.52274
      0.3495848             14.32635             28.37847
      0.3503547            -22.22543             27.43905
      0.3511248             29.82092             28.70036
      0.3518947            -24.87909             27.58098
      0.3526647             1.171783             27.97953
      0.3534347             11.60635             28.42427
      0.3542047            -7.579071             27.74557
      0.3549746             40.92178             29.16352
      0.3557446             12.25272             28.62431
      0.3565146            -34.61456             27.31987
      0.3572845             1.597290             28.29872
      0.3580546            -29.45364             27.43601
      0.3588246            -9.957275             28.14632
      0.3595945            -14.63272             27.99537
      0.3603645            -7.694550             27.95257
      0.3611345            -5.096375             28.12020
      0.3619044            -6.169098             28.21847
      0.3626744            -8.102722             28.10815
      0.3634444            0.7827148             28.14914
      0.3642144            -13.45999             27.92939
      0.3649844             21.60181             28.78213
      0.3657544             24.29272             28.73622
      0.3665243             32.78726             28.81457
      0.3672943             23.40543             28.62730
      0.3680643            -30.90820             27.39479
      0.3688343            -6.486359             27.84442
      0.3696042             13.82272             28.47898
      0.3703743             4.544556             28.31325
      0.3711442             37.99908             29.11992
      0.3719142            -4.649994             28.17249
      0.3726842             31.84000             28.93293
      0.3734542             8.599091             28.52625
      0.3742241             32.89273             29.05793
      0.3749941            -29.73001             27.56828
      0.3757641             14.80637             28.65272
      0.3765341            -2.827271             28.32022
      0.3773041            -14.79001             28.12451
      0.3780740            -2.701813             28.29685
      0.3788440             33.62909             29.49314
      0.3796140             18.90729             28.95573
      0.3803840            -30.23636             27.86186
      0.3811539             14.29999             28.98520
      0.3819239            -3.684570             28.52959
      0.3826939             13.55820             29.00411
      0.3834639             21.19180             28.98404
      0.3842339             17.67273             29.07338
      0.3850039             36.22455             29.53695
      0.3857738            -6.698212             28.49850
      0.3865438            -13.05365             28.28303
      0.3873138             14.14270             29.08726
      0.3880838             29.67456             29.66613
      0.3888537          -0.04727173             28.81526
      0.3896238             31.89093             29.52770
      0.3903937             13.21091             29.13204
      0.3911637             35.68091             29.78550
      0.3919337            -18.28821             28.36376
      0.3927037             6.999084             28.84832
      0.3934736             4.725433             28.82374
      0.3942436             19.25092             29.23352
      0.3950136             23.11179             29.35852
      0.3957836            -15.39365             28.34560
      0.3965536             4.116364             28.73843
      0.3973235             1.348206             28.70988
      0.3980935             14.54001             29.03885
      0.3988635             45.08090             29.85944
      0.3996335             22.26178             29.35168
      0.4004034             31.51999             29.47411
      0.4011734            -27.31458             28.00262
      0.4019434            -14.67001             28.60416
      0.4027134             16.23273             29.19729
      0.4034834             16.83090             29.40074
      0.4042534            -21.42273             28.35248
      0.4050233             19.12454             29.31568
      0.4057933             25.09363             29.45011
      0.4065633            -5.804565             28.69730
      0.4073333             4.839996             28.99786
      0.4081032             7.314545             28.84283
      0.4088733             10.19092             29.15718
      0.4096432             23.75363             29.30683
      0.4104132             8.285431             29.00948
      0.4111832            -5.070007             28.77581
      0.4119532            -10.17819             28.84985
      0.4127231            -14.12091             28.66574
      0.4134931             36.11090             29.94698
      0.4142631             24.95178             29.70673
      0.4150331          -0.05728149             29.07935
      0.4158031            0.7790833             29.15548
      0.4165730             24.71091             29.54733
      0.4173430             9.000000             29.30030
      0.4181130             39.49457             29.95351
      0.4188830             58.23636             30.49858
      0.4196529             16.53000             29.61780
      0.4204229             3.035431             29.05275
      0.4211929             6.289063             29.35403
      0.4219629            -1.339996             29.10655
      0.4227329             25.45456             29.74327
      0.4235029            -28.83002             28.35543
      0.4242728            -2.578217             29.06406
      0.4250428            -19.41730             28.70029
      0.4258128             40.06180             29.99044
      0.4265828            -12.91821             28.81891
      0.4273528             14.27820             29.30658
      0.4281228             31.64456             29.88266
      0.4288927             20.08820             29.71002
      0.4296627             41.75726             30.10402
      0.4304327             29.03091             29.70982
      0.4312027             38.26273             30.08854
      0.4319726            -5.611816             29.06810
      0.4327426            -10.30728             29.05148
      0.4335126             6.893646             29.22300
      0.4342826             12.22272             29.45913
      0.4350526            -3.874573             29.11164
      0.4358225             41.05270             30.30331
      0.4365925             27.50092             29.88849
      0.4373625            -22.45273             28.66917
      0.4381325            -3.735443             28.96106
      0.4389024             5.295441             29.33242
      0.4396724             28.42999             29.84690
      0.4404424             5.295441             29.28482
      0.4412124             3.099060             29.33784
      0.4419824             20.89819             29.67451
      0.4427524             2.981781             29.28801
      0.4435223             9.471802             29.56715
      0.4442923             2.321808             29.33670
      0.4450623             29.04819             29.87075
      0.4458323             5.542725             29.39996
      0.4466023             41.68179             30.23762
      0.4473723            -1.389099             29.26769
      0.4481422             39.22455             30.03139
      0.4489122             33.00821             29.91309
      0.4496822            -4.934570             29.18723
      0.4504521            -19.08456             28.76633
      0.4512221            -5.713654             29.31940
      0.4519921             30.54907             30.10427
      0.4527621             2.431793             29.43238
      0.4535321            -13.86182             29.04140
      0.4543021             12.92636             29.56961
      0.4550720            -16.35635             28.93678
      0.4558420            -2.161804             29.23901
      0.4566120             9.564545             29.56044
      0.4573820            -4.192719             29.06807
      0.4581519             26.43634             29.83837
      0.4589219            -22.42908             28.85701
      0.4596919             13.22635             29.60851
      0.4604619            -13.08273             29.07175
      0.4612319             6.020905             29.65784
      0.4620019             4.691803             29.61278
      0.4627718            -13.86456             29.13563
      0.4635418             11.16635             29.82903
      0.4643118            -21.60635             28.95613
      0.4650818             25.02271             30.19911
      0.4658518             26.54819             30.09191
      0.4666218            -47.17365             28.24516
      0.4673917            0.4245605             29.53445
      0.4681617             9.161804             29.69318
      0.4689317             32.38272             30.25149
      0.4697016             17.74271             29.88517
      0.4704716             35.43362             30.28592
      0.4712416             16.78000             29.92040
      0.4720116             44.71820             30.64660
      0.4727816             8.687286             29.54558
      0.4735516             47.53271             30.55761
      0.4743215             13.64545             29.79773
      0.4750915             40.56821             30.51904
      0.4758615             39.10455             30.43110
      0.4766315             29.04727             30.11850
      0.4774014            -4.270935             29.44358
      0.4781715             18.04907             29.85756
      0.4789414             4.729065             29.63862
      0.4797114             2.925446             29.68665
      0.4804814             4.280914             29.63694
      0.4812514             31.96729             30.40580
      0.4820213            -10.24908             29.34389
      0.4827913             11.59180             29.79422
      0.4835613             2.401794             29.85884
      0.4843313             27.23636             30.23134
      0.4851013            -4.675446             29.62440
      0.4858713            -5.840912             29.51498
