n0 =          240
     0.02388324             358.7682             34.88473
     0.02465323             339.5500             34.54716
     0.02542320             345.3782             34.64540
     0.02619319             358.0100             34.75472
     0.02696316             353.7236             34.53153
     0.02773315             341.4591             34.16380
     0.02850312             342.8809             34.31935
     0.02927311             337.6427             34.12959
     0.03004308             302.2500             33.28065
     0.03081307             280.7027             32.78394
     0.03158304             330.2482             33.77389
     0.03235303             309.7627             33.29017
     0.03312300             324.8073             33.55511
     0.03389299             292.0745             32.95171
     0.03466296             330.2845             33.61441
     0.03543295             321.4700             33.37230
     0.03620292             311.7791             33.09351
     0.03697290             274.0309             32.28987
     0.03774288             303.5873             33.02819
     0.03851286             264.9673             31.94971
     0.03928284             309.1527             33.03814
     0.04005282             267.6891             32.25619
     0.04082280             305.3954             32.84131
     0.04159278             310.1064             33.03883
     0.04236276             295.7709             32.57893
     0.04313274             335.7709             33.59183
     0.04390272             310.5745             33.09669
     0.04467270             297.7691             32.69569
     0.04544269             303.4645             32.64086
     0.04621266             282.7164             32.36834
     0.04698265             302.5218             32.63307
     0.04775262             294.1973             32.58231
     0.04852261             324.7382             33.03820
     0.04929258             321.7073             32.98943
     0.05006257             287.5791             32.38702
     0.05083254             276.4027             32.38813
     0.05160253             358.3827             34.01423
     0.05237250             287.2173             32.51382
     0.05314249             318.2636             33.09449
     0.05391246             326.5327             33.27253
     0.05468245             300.3473             32.56042
     0.05545242             282.7845             32.36091
     0.05622241             299.2682             32.53764
     0.05699238             290.2882             32.30069
     0.05776237             275.2773             32.20888
     0.05853234             300.3809             32.59005
     0.05930233             317.9282             33.02900
     0.06007230             280.6855             32.26485
     0.06084229             318.4073             32.98282
     0.06161226             330.7737             33.20557
     0.06238224             306.4845             32.93129
     0.06315222             356.4227             33.77324
     0.06392220             345.8091             33.46631
     0.06469218             314.2836             32.86944
     0.06546216             305.6391             32.69952
     0.06623214             389.2064             34.37574
     0.06700212             320.1691             32.97317
     0.06777211             360.3127             33.73460
     0.06854208             315.5136             32.96838
     0.06931207             340.6791             33.32756
     0.07008204             329.4055             33.16235
     0.07085203             315.4827             32.80676
     0.07162200             341.8227             33.28473
     0.07239199             333.6682             33.15118
     0.07316196             334.1936             33.28624
     0.07393195             342.7764             33.27273
     0.07470192             376.0237             34.04769
     0.07547191             385.2000             34.17492
     0.07624188             379.8445             34.15089
     0.07701187             363.0255             33.87010
     0.07778184             404.4273             34.60632
     0.07855183             408.2263             34.66455
     0.07932180             381.5509             34.33899
     0.08009179             428.7318             35.01324
     0.08086176             371.0518             34.03845
     0.08163175             386.0409             34.28385
     0.08240172             447.0564             35.28716
     0.08317171             387.7164             34.28838
     0.08394168             430.1536             35.10583
     0.08471167             408.2573             34.77387
     0.08548164             399.4427             34.42084
     0.08625162             432.7827             35.11596
     0.08702160             451.4273             35.48664
     0.08779158             426.4073             35.00987
     0.08856156             451.9527             35.52114
     0.08933155             381.1582             34.14705
     0.09010153             407.9682             34.63068
     0.09087150             380.1227             34.08514
     0.09164147             445.7873             35.43955
     0.09241147             431.3036             34.94788
     0.09318145             409.1073             34.62387
     0.09395142             420.5555             34.93727
     0.09472139             413.2263             34.75056
     0.09549139             383.4227             34.17881
     0.09626137             390.4845             34.53138
     0.09703134             444.6655             35.33150
     0.09780131             384.2327             34.22200
     0.09857132             362.6655             33.99205
     0.09934129             372.0982             34.07265
      0.1001113             361.3036             33.89901
      0.1008812             355.7255             33.61959
      0.1016512             372.7364             34.00766
      0.1024212             337.3654             33.34306
      0.1031912             348.3545             33.45831
      0.1039612             328.6945             32.93775
      0.1047312             360.9000             33.73460
      0.1055011             317.0191             32.99632
      0.1062711             362.8755             33.81647
      0.1070411             370.7627             34.00228
      0.1078111             336.3300             33.34306
      0.1085811             356.4800             33.69202
      0.1093510             341.8927             33.53764
      0.1101210             361.6964             33.97875
      0.1108910             340.0673             33.55783
      0.1116610             306.5882             32.75265
      0.1124309             398.5109             34.43152
      0.1132009             324.6809             33.19080
      0.1139709             297.0100             32.53993
      0.1147409             333.1227             33.19393
      0.1155109             324.2863             33.10072
      0.1162808             284.6682             32.26583
      0.1170508             331.7009             33.17060
      0.1178208             292.5618             32.37059
      0.1185908             323.6236             33.09034
      0.1193608             363.5882             33.74695
      0.1201307             304.2836             32.77018
      0.1209007             344.9636             33.76064
      0.1216707             253.8709             31.76275
      0.1224407             313.4491             32.88880
      0.1232107             308.9854             32.91179
      0.1239807             282.4091             32.31948
      0.1247506             310.0891             32.79897
      0.1255206             332.8973             33.22108
      0.1262906             336.6500             33.43338
      0.1270606             241.9500             31.55497
      0.1278306             277.1709             32.26079
      0.1286005             280.7118             32.22530
      0.1293705             271.0627             32.11606
      0.1301405             317.9345             33.14072
      0.1309105             300.9964             32.88125
      0.1316804             289.0627             32.36175
      0.1324504             304.1400             32.65094
      0.1332204             309.4182             32.84087
      0.1339904             246.1291             31.61570
      0.1347604             280.2991             32.29934
      0.1355303             271.8091             31.97788
      0.1363003             268.2064             32.04795
      0.1370703             269.5527             31.98761
      0.1378403             243.8709             31.43012
      0.1386103             303.9218             32.76486
      0.1393802             277.8600             32.27737
      0.1401502             274.1800             32.09412
      0.1409202             268.4736             32.09230
      0.1416902             254.0255             31.39525
      0.1424602             244.3455             31.44320
      0.1432302             281.7473             32.32718
      0.1440001             241.7627             31.44442
      0.1447701             256.7582             31.78594
      0.1455401             233.8354             31.27848
      0.1463101             243.7445             31.59823
      0.1470800             213.6164             30.98789
      0.1478500             230.9254             31.42958
      0.1486200             234.4618             31.51722
      0.1493900             225.3073             31.31487
      0.1501600             239.4109             31.61965
      0.1509299             178.7773             30.32124
      0.1516999             220.9473             31.17324
      0.1524699             179.6318             30.28016
      0.1532399             229.9873             31.32657
      0.1540099             215.1418             31.07222
      0.1547798             236.3473             31.50963
      0.1555498             172.8418             30.03135
      0.1563198             213.5791             30.81758
      0.1570898             212.8882             30.96591
      0.1578598             206.6873             30.84872
      0.1586298             182.9236             30.16466
      0.1593997             202.5618             30.63082
      0.1601697             181.6855             30.21212
      0.1609397             181.9591             30.19779
      0.1617097             179.2173             30.18812
      0.1624797             206.6145             30.68305
      0.1632496             198.6100             30.49692
      0.1640196             223.4355             31.14248
      0.1647896             164.4664             29.85997
      0.1655596             176.5854             30.31837
      0.1663295             265.8791             32.19890
      0.1670995             170.7927             30.13510
      0.1678695             140.3555             29.57588
      0.1686395             200.6027             30.79669
      0.1694095             150.7991             29.79339
      0.1701794             132.5564             29.24986
      0.1709494             168.0245             30.19715
      0.1717194             145.8082             29.58932
      0.1724894             167.2100             29.94061
      0.1732594             172.6736             30.18201
      0.1740293             195.4045             30.61941
      0.1747993             131.0600             29.11524
      0.1755693             127.7863             29.14139
      0.1763393             122.3336             29.06543
      0.1771093             128.9582             29.13453
      0.1778793             188.8609             30.41987
      0.1786492             155.1500             29.96062
      0.1794192             126.6664             29.27044
      0.1801892             108.1454             28.97943
      0.1809592             124.5582             29.24884
      0.1817292             118.3373             29.22685
      0.1824991             123.6064             29.31962
      0.1832691             169.3900             30.35871
      0.1840391             144.2509             29.67751
      0.1848091             141.5136             29.75764
      0.1855790             120.5645             29.21575
      0.1863490             129.7964             29.40642
      0.1871190             96.61090             28.71583
      0.1878890             91.76999             28.48774
      0.1886590             126.6727             29.43707
      0.1894289             80.51364             28.14869
      0.1901989             64.49362             27.97772
      0.1909689             99.38547             28.80452
      0.1917389             47.83817             27.34661
      0.1925089             92.54453             28.60485
      0.1932788             96.30182             28.82924
      0.1940488             105.2045             29.01229
      0.1948188             55.73001             27.67310
      0.1955888             145.4100             29.67368
      0.1963588             92.20453             28.59543
      0.1971288             40.91089             27.31476
      0.1978987             41.52908             27.31665
      0.1986687             82.86911             28.32871
      0.1994387             80.73001             28.24240
      0.2002087             35.03000             27.21557
      0.2009787             40.36545             27.40980
      0.2017486             54.90634             27.80499
      0.2025186             36.35001             27.33045
      0.2032886             28.45819             27.05582
      0.2040586             39.19547             27.41805
      0.2048285             40.02090             27.47068
      0.2055985             51.01001             27.55096
      0.2063685            -14.09818             25.98775
      0.2071385             76.95273             28.21856
      0.2079085             24.10272             26.92218
      0.2086784             22.41180             27.04799
      0.2094484             37.72089             27.21264
      0.2102184            -9.314575             26.18004
      0.2109884             73.57727             28.14907
      0.2117584             12.86636             26.79439
      0.2125283             58.83545             27.90734
      0.2132983             18.98999             26.89353
      0.2140683             19.73819             26.93809
      0.2148383             8.727264             26.64607
      0.2156083             10.24820             26.68762
      0.2163783             51.37634             27.63866
      0.2171482             34.70093             27.36447
      0.2179182             7.040894             26.58531
      0.2186882             29.28818             27.06460
      0.2194582             35.61270             27.23548
      0.2202282             37.64816             27.22701
      0.2209981            -3.155457             26.21610
      0.2217681            -24.88818             25.58534
      0.2225381            -1.939117             26.24681
      0.2233081             5.716370             26.50069
      0.2240780             13.50000             26.61371
      0.2248480             7.299072             26.60436
      0.2256180             11.09363             26.64055
      0.2263880            -25.25092             25.92520
      0.2271580             1.976349             26.62564
      0.2279279           0.05364990             26.45311
      0.2286979             19.29181             26.96887
      0.2294679            -20.46094             26.06274
      0.2302379             48.45093             27.85606
      0.2310079          0.007263184             26.52789
      0.2317779            -31.23999             25.59287
      0.2325478             6.492706             26.77517
      0.2333178            -5.094574             26.38800
      0.2340878             9.574554             26.55444
      0.2348578            -4.343658             26.43129
      0.2356278             43.38727             27.66453
      0.2363977            -2.941803             26.49874
      0.2371677            -7.540009             26.24732
      0.2379377             14.97635             26.76937
      0.2387077             16.65820             26.96219
      0.2394776            -16.94455             25.93974
      0.2402476             18.75092             27.14982
      0.2410176             12.20364             26.85817
      0.2417876             4.682709             26.77885
      0.2425576            -4.533630             26.46552
      0.2433275             14.88998             27.08461
      0.2440975             6.143646             26.78322
      0.2448675             29.19455             27.26478
      0.2456375             20.26093             27.00794
      0.2464075             44.96729             27.61364
      0.2471774            -7.955444             26.49098
      0.2479474             4.230011             26.68898
      0.2487174            -11.19821             26.20345
      0.2494874             30.59634             27.24493
      0.2502574             36.97821             27.71814
      0.2510273             12.48364             26.98483
      0.2517973             18.27179             27.16640
      0.2525673            -17.27365             26.09964
      0.2533373            -12.56271             26.33471
      0.2541073            -17.36636             26.15582
      0.2548773             22.46820             27.14118
      0.2556472            -6.470001             26.47748
      0.2564172            0.1282043             26.81989
      0.2571872            -31.38181             25.65126
      0.2579572             3.618195             26.69511
      0.2587271             34.26273             27.59372
      0.2594971             45.68637             27.89384
      0.2602671             8.690918             27.03201
      0.2610371            -12.24728             26.32364
      0.2618071             23.50092             27.35928
      0.2625771            -2.607269             26.65463
      0.2633470            -22.70456             26.24563
      0.2641170             14.85181             27.01360
      0.2648870            -16.36456             26.46492
      0.2656569            -8.410919             26.51052
      0.2664269            -7.777283             26.46953
      0.2671970            -13.23001             26.57805
      0.2679669             4.260010             26.83203
      0.2687369            -17.60544             26.47369
      0.2695069             17.67273             27.22298
      0.2702768            -7.563629             26.57971
      0.2710468             53.18457             28.37977
      0.2718168            -11.04272             26.70996
      0.2725868             13.35001             27.22146
      0.2733568             32.69000             27.83671
      0.2741268            -24.36093             26.38899
      0.2748967             2.583649             27.11979
      0.2756667            -5.972717             26.88501
      0.2764367             22.94363             27.64224
      0.2772067            -4.798218             26.91254
      0.2779766            -4.751801             26.90704
      0.2787466            -13.29727             26.82421
      0.2795166            -13.60635             26.86573
      0.2802866            -14.58002             26.56102
      0.2810566            -6.920013             26.92046
      0.2818266            -15.87366             26.72126
      0.2825965            -22.50729             26.75789
      0.2833665             22.78635             27.74521
      0.2841365             28.37363             27.92365
      0.2849064             3.101807             27.32411
      0.2856764            -26.91364             26.45492
      0.2864465             6.942719             27.44915
      0.2872164             1.406342             27.28737
      0.2879864            -1.748199             27.21692
      0.2887564             38.33365             28.23846
      0.2895263             6.260925             27.28622
      0.2902963             30.64728             28.06546
      0.2910663             9.172729             27.51738
      0.2918363            -8.997284             26.93920
      0.2926063            -8.904572             26.84583
      0.2933763            -10.71909             26.79681
      0.2941462             30.02457             27.88471
      0.2949162             47.62271             28.38747
      0.2956862             14.10181             27.61515
      0.2964562            -34.72821             26.30222
      0.2972261             24.11270             27.89313
      0.2979961             23.28906             28.08333
      0.2987661            -20.90091             26.92851
      0.2995361            -11.33365             27.09859
      0.3003061            -2.647278             27.28407
      0.3010761             27.07455             28.10737
      0.3018460            -18.10635             27.01110
      0.3026160             12.86728             27.69860
      0.3033860             16.94907             27.74365
      0.3041559            -39.07092             26.47851
      0.3049260             23.07455             28.00232
      0.3056960             44.59543             28.43853
      0.3064659            -6.157288             27.30799
      0.3072359             23.82272             28.03587
      0.3080059             6.416351             27.78436
      0.3087758            -27.65637             26.89683
      0.3095458             7.008209             27.68557
      0.3103158             4.193634             27.60547
      0.3110858            -5.018219             27.40742
      0.3118558             8.023651             27.78080
      0.3126258             7.445435             27.63489
      0.3133957            -5.121796             27.18636
      0.3141657             21.17178             27.79945
      0.3149357             39.69272             28.34885
      0.3157057             6.059082             27.66868
      0.3164756             12.90457             27.72020
      0.3172456             7.429993             27.70670
      0.3180156            -9.806366             27.21383
      0.3187856             32.38544             28.41304
      0.3195556             12.05637             28.01651
      0.3203256            -3.221802             27.59421
      0.3210955             19.97455             28.02679
      0.3218655            -4.700928             27.48629
      0.3226355             39.05179             28.60465
      0.3234054             15.36093             28.03343
      0.3241755            -35.54181             26.70599
      0.3249454            -17.14001             27.11926
      0.3257154            -6.195435             27.46415
      0.3264854             3.588196             27.70560
      0.3272554             4.804565             27.75256
      0.3280253             19.83545             28.11534
      0.3287953             1.804565             27.70134
      0.3295653             20.39178             28.26491
      0.3303353             16.58820             28.06918
      0.3311053            -6.189087             27.50481
      0.3318753            -8.255432             27.52214
      0.3326452            -12.64182             27.44756
      0.3334152             18.68271             28.09651
      0.3341852             39.40909             28.75603
      0.3349552             4.729065             28.01127
      0.3357251             3.739990             27.95141
      0.3364951             3.260925             27.85900
      0.3372651            -18.79001             27.27766
      0.3380351            -3.536377             27.77902
      0.3388051             5.602722             28.04734
      0.3395751            -26.94910             27.20370
      0.3403450            -10.91821             27.60309
      0.3411150            -15.32001             27.59369
      0.3418850             1.401794             27.97314
      0.3426549            -21.55637             27.35989
      0.3434249             5.567291             28.11138
      0.3441949             20.49637             28.52114
      0.3449649           -0.3754578             27.93061
      0.3457349            -11.94272             27.56814
      0.3465049             1.026367             28.04070
      0.3472748            -17.05093             27.49831
      0.3480448            -34.45728             27.33262
      0.3488148             27.14545             28.49836
      0.3495848            -20.67365             27.49266
      0.3503547            -13.22543             27.67128
      0.3511248             3.820923             28.05825
      0.3518947            -9.879089             27.96701
      0.3526647             21.17178             28.47647
      0.3534347            -15.39365             27.74448
      0.3542047             21.42093             28.46754
      0.3549746            -35.07822             27.26375
      0.3557446             38.25272             29.25498
      0.3565146            -16.61456             27.78654
      0.3572845            -6.402710             28.09771
      0.3580546            -2.453644             28.12549
      0.3588246            -2.957275             28.32232
      0.3595945            -5.632721             28.22281
      0.3603645             19.30545             28.62142
      0.3611345            -12.09637             27.94376
      0.3619044            -22.16910             27.81179
      0.3626744             1.897278             28.35910
      0.3634444             30.78271             28.88647
      0.3642144             18.54001             28.72955
      0.3649844             18.60181             28.70871
      0.3657544            -13.70728             27.78950
      0.3665243            -14.21274             27.64852
      0.3672943             6.405426             28.20825
      0.3680643             2.091797             28.23755
      0.3688343             11.51364             28.29501
      0.3696042             26.82272             28.79749
      0.3703743            -7.455444             28.01134
      0.3711442            -21.00092             27.65579
      0.3719142            -13.64999             27.94447
      0.3726842             3.839996             28.24725
      0.3734542             1.599091             28.35266
      0.3742241             46.89273             29.39127
      0.3749941             30.26999             29.06372
      0.3757641             27.80637             28.96821
      0.3765341            -8.827271             28.16984
      0.3773041            -24.79001             27.87001
      0.3780740            -5.701813             28.22209
      0.3788440            -8.370911             28.46935
      0.3796140             2.907288             28.56488
      0.3803840             42.76364             29.65423
      0.3811539             18.29999             29.08210
      0.3819239            -22.68457             28.05247
      0.3826939            -10.44180             28.41285
      0.3834639             33.19180             29.27107
      0.3842339             25.67273             29.26538
      0.3850039             2.224548             28.71888
      0.3857738             16.30179             29.06137
      0.3865438             2.946350             28.67911
      0.3873138             2.142700             28.79518
      0.3880838             18.67456             29.40377
      0.3888537             26.95273             29.46751
      0.3896238            -18.10907             28.31018
      0.3903937             5.210907             28.93801
      0.3911637             2.680908             28.99560
      0.3919337            -7.288208             28.63723
      0.3927037             6.999084             28.84832
      0.3934736             16.72543             29.11479
      0.3942436            -32.74908             27.94409
      0.3950136             35.11179             29.64360
      0.3957836             47.60635             29.86657
      0.3965536             56.11636             29.97426
      0.3973235             17.34821             29.09933
      0.3980935             3.540009             28.77158
      0.3988635             89.08090             30.86282
      0.3996335             60.26178             30.24163
      0.4004034            -13.48001             28.38167
      0.4011734            -12.31458             28.37929
      0.4019434             26.32999             29.60179
      0.4027134             17.23273             29.22128
      0.4034834            -8.169098             28.79254
      0.4042534            -2.422729             28.82486
      0.4050233            -19.87546             28.36107
      0.4057933             4.093628             28.94518
      0.4065633            -32.80457             28.01923
      0.4073333            0.8399963             28.90015
      0.4081032             14.31454             29.01211
      0.4088733             15.19092             29.27781
      0.4096432             3.753632             28.82567
      0.4104132             6.285431             28.96109
      0.4111832            -3.070007             28.82484
      0.4119532             5.821808             29.24116
      0.4127231            -3.120911             28.93654
      0.4134931             13.11090             29.40208
      0.4142631             14.95178             29.46890
      0.4150331             45.94272             30.16758
      0.4158031             9.779083             29.37211
      0.4165730             32.71091             29.73527
      0.4173430            -25.00000             28.46764
      0.4181130            -8.505432             28.80893
      0.4188830             28.23636             29.80438
      0.4196529             4.529999             29.32978
      0.4204229             12.03543             29.26939
      0.4211929             14.28906             29.54559
      0.4219629           -0.3399963             29.13081
      0.4227329            -2.545441             29.07424
      0.4235029             15.16998             29.43186
      0.4242728             12.42178             29.42639
      0.4250428             4.582703             29.28729
      0.4258128             44.06180             30.08299
      0.4265828             5.081787             29.25809
      0.4273528             4.278198             29.06657
      0.4281228             38.64456             30.04576
      0.4288927             7.088196             29.39996
      0.4296627             13.75726             29.44543
      0.4304327             9.030914             29.23521
      0.4312027             18.26273             29.61867
      0.4319726             21.38818             29.71508
      0.4327426            -42.30728             28.25332
      0.4335126             6.893646             29.22300
      0.4342826             40.22272             30.11698
      0.4350526             12.12543             29.49655
      0.4358225             19.05270             29.78871
      0.4365925            -14.49908             28.87899
      0.4373625            -8.452728             29.01447
      0.4381325             31.26456             29.79409
      0.4389024            -27.70456             28.52377
      0.4396724             6.429993             29.32600
      0.4404424            -38.70456             28.19925
      0.4412124             23.09906             29.81460
      0.4419824             23.89819             29.74526
      0.4427524             1.981781             29.26394
      0.4435223            -1.528198             29.30298
      0.4442923           -0.6781921             29.26432
      0.4450623             30.04819             29.89413
      0.4458323            -2.457275             29.20684
      0.4466023            -9.318207             29.02626
      0.4473723            -16.38910             28.90193
      0.4481422            -35.77545             28.22441
      0.4489122            -27.99179             28.44560
      0.4496822           -0.9345703             29.28391
      0.4504521            -9.084564             29.01148
      0.4512221             12.28635             29.75193
      0.4519921             19.54907             29.84628
      0.4527621             39.43179             30.30225
      0.4535321             33.13818             30.16021
      0.4543021            -13.07364             28.94335
      0.4550720             28.64365             30.01161
      0.4558420            -12.16180             28.99590
      0.4566120             30.56454             30.05572
      0.4573820             17.80728             29.59431
      0.4581519             24.43634             29.79154
      0.4589219             13.57092             29.72828
      0.4596919             19.22635             29.75009
      0.4604619             22.91727             29.93200
      0.4612319            -8.979095             29.29719
      0.4620019             11.69180             29.77898
      0.4627718            -4.864563             29.35353
      0.4635418             16.16635             29.94694
      0.4643118             25.39365             30.07876
      0.4650818            -9.977295             29.36891
      0.4658518             17.54819             29.88175
      0.4666218             34.82635             30.22461
      0.4673917           -0.5754395             29.51052
      0.4681617             6.161804             29.62204
      0.4689317             4.382721             29.59436
      0.4697016             25.74271             30.07249
      0.4704716             10.43362             29.70146
      0.4712416            -7.220001             29.34892
      0.4720116            -14.28180             29.25752
      0.4727816             3.687286             29.42673
      0.4735516            -11.46729             29.17313
      0.4743215             12.64545             29.77412
      0.4750915             26.56821             30.19579
      0.4758615           -0.8954468             29.49326
      0.4766315             24.04727             30.00213
      0.4774014            -22.27094             29.00648
      0.4781715             6.049072             29.57471
      0.4789414             52.72906             30.75077
      0.4797114            0.9254456             29.63898
      0.4804814            -1.719086             29.49376
      0.4812514             33.96729             30.45183
      0.4820213            -21.24908             29.07663
      0.4827913            -9.408203             29.29447
      0.4835613             30.40179             30.51310
      0.4843313             6.236359             29.74041
      0.4851013             21.32455             30.23729
      0.4858713             22.15909             30.17576
